# AmiraMesh 3D ASCII 2.0
define Markers 61
Parameters {
NumSets 1,
ContentType "LandmarkSet",
 color 0 0 1
}
Markers { float[3] Coordinates } @1
# Data section follows
@1
3.2325897 -166.1880035 -296.2927856
2.7954216 -166.2587585 -299.7993774
0.5513074 -182.7802734 -328.5944214
0.5364244 -185.1244202 -331.4850464
-4.8668289 -186.7230835 -371.0533447
-4.7250223 -171.3065796 -394.1868591
-5.0761147 -163.4124451 -396.9072266
-3.6861863 -151.5369568 -385.1965942
-2.7163842 -145.2990570 -374.2806091
-1.6076453 -154.5577393 -357.1916199
-0.2559462 -160.3167877 -340.6284180
0.5259361 -154.0712280 -331.4359131
0.9497929 -154.9205933 -323.0845947
2.7657375 -159.9117126 -304.8253174
2.9693050 -162.9574890 -298.2689514
15.2902431 -158.8310089 -303.8264160
-9.8181992 -158.3028107 -301.9651794
12.1015882 -158.4789581 -304.1394043
-6.7019057 -158.0661316 -302.6473083
12.6412096 -147.9566345 -334.1143799
-10.6988440 -147.4489594 -332.2612915
8.3978500 -168.4818726 -307.1069946
-3.6640921 -168.4523010 -305.4923096
18.7277641 -166.7014465 -324.3823853
-16.1555786 -166.4430542 -321.2503967
25.3325195 -178.3324280 -336.6223755
-25.0119190 -177.7375946 -332.4882202
25.7072983 -179.1333008 -339.7851868
-26.8713837 -178.2637329 -335.1027832
5.4347763 -179.1608276 -331.2904663
-4.9083786 -179.3177795 -330.1770020
28.5507393 -151.2582245 -327.9848022
-25.6493225 -150.5169983 -322.6094971
33.2583389 -161.3354950 -344.6901550
-33.7186890 -159.2252960 -335.7723999
33.4743996 -153.1837311 -348.7303467
-34.9688950 -151.1939850 -342.8237610
18.1929893 -157.4818420 -372.1219482
-22.8082561 -155.7972412 -369.4336548
16.0891190 -150.0697174 -371.5458679
-21.7282028 -149.2727661 -368.5992126
12.0961103 -164.4464722 -388.8601990
-20.8829021 -162.2161560 -384.7940063
2.4635267 -145.2194214 -373.4403992
-6.7083721 -145.0386353 -372.4831238
4.3871622 -148.0097656 -380.2598267
-10.4881792 -147.7823181 -378.9865112
7.4440184 -148.8186951 -378.4355469
-12.8232584 -147.0209656 -377.6351013
3.5912910 -154.2902222 -357.0651550
-5.8021617 -153.7975006 -356.5439758
5.7297020 -154.3023071 -351.8079529
-7.5307636 -153.8282776 -350.2750854
8.2134686 -152.3300323 -337.6670227
-7.4223366 -151.8896790 -336.7080383
7.4219017 -149.8801270 -352.7601624
-8.7390289 -147.8480377 -350.8892212
12.5291443 -143.7651062 -345.0210876
-12.8449764 -143.6453247 -343.1271667
12.8799028 -160.0300293 -339.4222107
-13.1910439 -159.7729492 -337.6851196
