# AmiraMesh 3D ASCII 2.0
define Markers 61
Parameters {
NumSets 1,
ContentType "LandmarkSet",
 color 0 0 1
}
Markers { float[3] Coordinates } @1
# Data section follows
@1
-2.0355773 -176.1931000 -310.5120544
-2.4372463 -177.5523071 -312.5906677
-0.8680041 -199.3938141 -324.8258362
-0.3667048 -204.0396423 -326.6703491
1.0577657 -210.8106079 -376.5218811
0.7569590 -184.4557800 -399.4658203
1.3412628 -179.3335419 -398.6260681
-0.6815338 -165.8734131 -380.0922852
-0.5552535 -164.6492767 -367.6267700
-1.4797831 -171.7141418 -356.3236084
-1.3505087 -175.6408386 -350.0649414
-2.3954058 -172.8543701 -337.1675415
-2.2833920 -174.5398560 -329.4375916
-3.0261173 -173.3792267 -317.6708984
-2.6566219 -174.4109192 -311.9813232
10.6709490 -170.7352905 -318.0245972
-16.2727928 -171.5991516 -317.8527222
6.9091473 -170.7387695 -318.7015991
-12.5247822 -171.4992981 -318.1115417
6.5243230 -167.5592651 -338.1299133
-11.0344276 -168.4942932 -338.5223999
3.7363541 -181.6019897 -315.9017029
-8.4530659 -182.4706726 -315.1492310
14.8206511 -182.7424927 -326.5280762
-17.9651852 -184.9470367 -326.5969238
19.3729267 -195.4740906 -331.6922302
-20.2647495 -198.4932251 -332.9251709
20.0733337 -198.1838226 -334.7739258
-21.5594406 -200.2262115 -336.8548889
1.7514877 -187.5285797 -328.4373779
-5.2607956 -187.6903076 -327.4847107
19.4429016 -173.5336304 -329.7535095
-23.9547024 -175.4306488 -330.5905457
26.2570343 -174.2799988 -336.5830383
-30.4816208 -177.4068909 -337.9390869
27.0593491 -169.7243958 -344.0606995
-31.2715855 -172.8241272 -345.0439453
18.6842899 -171.4306335 -365.5903625
-20.3876038 -173.2145386 -366.6752930
15.3604584 -166.4500275 -365.8905334
-17.9425812 -168.3344421 -366.4924622
17.4522343 -171.6736908 -385.7882385
-17.9138107 -173.8844147 -387.4208374
2.7909012 -162.2412872 -368.8392944
-4.7811112 -162.2254028 -369.0782776
6.9289236 -163.7796478 -375.1329346
-8.4119129 -164.3068542 -375.8274536
8.3699131 -163.0256042 -372.1089783
-10.0701742 -163.5825806 -372.8320007
2.1377325 -172.9205933 -356.8646545
-4.2661543 -173.0905304 -357.2166443
5.5131950 -172.9843750 -353.1758728
-8.4364958 -173.6434326 -353.4403076
7.2336717 -167.2715607 -340.1820984
-10.8816996 -168.5943298 -340.9009094
9.9398422 -170.9744720 -353.7598267
-13.2248402 -171.0112762 -354.8936768
11.4727116 -165.5272827 -346.9618225
-15.6793699 -166.2091217 -348.6189575
13.1832390 -176.0311584 -336.6336975
-15.7897034 -177.9163513 -337.8010559
