# AmiraMesh 3D ASCII 2.0
define Markers 61
Parameters {
NumSets 1,
ContentType "LandmarkSet",
 color 0 0 1
}
Markers { float[3] Coordinates } @1
# Data section follows
@1
1.98754215 52.49951935 -1176.84643555
2.91971588 42.12638855 -1160.29687500
0.10057449 -31.82294464 -1116.55981445
0.15934134 -45.88460541 -1119.19580078
-0.16307354 -78.15928650 -1036.61706543
-5.35755777 -77.83033752 -939.82824707
-4.83343983 -64.31016541 -929.25494385
-1.54014874 5.63107300 -970.43994141
0.63391507 25.30529785 -1002.26696777
-0.36098480 22.82283020 -1030.48645020
-0.94400406 21.93232727 -1049.92053223
0.25169563 53.98930359 -1095.37780762
-0.01990747 55.33361816 -1103.82763672
3.92263103 61.02436829 -1157.61486816
3.07161260 59.39698029 -1173.21215820
-26.99900818 60.64559937 -1161.35241699
37.32088470 68.22796631 -1160.98193359
-17.42227173 64.37785339 -1158.73168945
26.72867584 71.34043884 -1160.47949219
-22.54527283 71.87602234 -1092.91015625
22.49230194 70.44157410 -1092.30151367
-15.00918388 27.91049957 -1154.86560059
20.02974129 27.77577209 -1154.51428223
-42.02281952 -1.41429138 -1117.64843750
42.15283966 -1.73420715 -1117.27832031
-56.09055328 -30.51671982 -1106.05932617
55.97480774 -32.45170212 -1103.99975586
-68.83590698 -30.39350128 -1095.81848145
66.81541443 -33.02623749 -1090.42834473
-15.93757629 -19.06481361 -1110.79833984
14.31576538 -19.96784592 -1111.52014160
-61.09715271 35.67021942 -1115.40563965
65.56463623 32.40318680 -1114.65588379
-85.05995178 8.16635132 -1081.05920410
83.68279266 6.53793335 -1078.05102539
-83.52764893 23.86688232 -1059.81860352
85.11396790 19.25893784 -1053.00427246
-66.84992981 2.73186374 -1013.28369141
64.15328979 2.94765472 -1013.44470215
-69.50056458 9.97905350 -1012.58563232
65.69229126 9.22666073 -1010.27874756
-67.30551910 -36.42473602 -964.52203369
60.53776169 -39.96032715 -962.21374512
-8.71496773 28.92446899 -1002.51300049
8.78673267 30.79919434 -1001.28051758
-20.43982124 20.32157898 -982.86254883
19.14364052 18.60154724 -982.89770508
-29.05307579 21.50177002 -992.05999756
26.96383095 22.82478333 -991.96301270
-10.62697220 21.32690430 -1032.77661133
10.15138912 20.98146057 -1031.99584961
-21.28051758 21.78816223 -1038.47802734
18.96261978 20.66635132 -1037.06225586
-20.58307648 58.25758362 -1085.50000000
21.18033218 58.00874329 -1083.73596191
-23.13778687 33.15768433 -1058.37036133
22.70166016 34.99980164 -1056.95581055
-26.13551331 51.29162598 -1075.25769043
25.94452667 50.48965454 -1072.22094727
38.51097870 26.99569702 -1095.23461914
-37.20196533 28.49092102 -1095.95971680
