# AmiraMesh 3D ASCII 2.0
define Markers 61
Parameters {
NumSets 1,
ContentType "LandmarkSet",
 color 0 0 1
}
Markers { float[3] Coordinates } @1
# Data section follows
@1
-0.5914965 -43.8930664 -1307.7196045
-0.9197077 -40.7358704 -1303.5191650
-1.9434080 -15.2501831 -1268.8402100
-2.0405135 -11.1580811 -1261.5068359
-2.0844383 32.8436890 -1254.1193848
-4.4333282 67.5324097 -1287.2642822
-3.9586768 68.0488663 -1294.1778564
-3.0466959 51.0455360 -1307.5722656
-2.3889959 33.9299927 -1308.8565674
-1.8209097 22.6625824 -1303.0761719
-1.8534728 12.5295105 -1293.6503906
-2.0991693 -0.2183609 -1305.8098145
-1.1337249 -9.1584587 -1305.5441895
-0.9682693 -31.8840294 -1305.5351562
-0.8731587 -42.3240242 -1309.2045898
-14.5492249 -32.6144485 -1311.5998535
12.5031166 -32.0076485 -1311.7098389
-11.0116653 -31.6209335 -1312.0053711
8.6386604 -30.7795658 -1311.6086426
-12.8052387 3.1926231 -1312.7791748
9.3619862 3.3291149 -1312.9511719
-7.4483261 -33.9767914 -1295.7734375
4.9197998 -34.1753387 -1295.6854248
-20.6688423 -14.5181274 -1287.9555664
17.5225983 -13.7981873 -1287.6254883
-28.8813915 -8.4661865 -1275.7106934
25.5352974 -6.3076630 -1275.7452393
-30.1593628 -0.1405563 -1273.2551270
27.4499054 1.2751541 -1272.9251709
-7.1576800 -12.2964706 -1282.3836670
4.3895545 -12.6072693 -1281.9128418
-27.0426159 -11.2627869 -1301.7011719
23.2592316 -10.6640472 -1302.0458984
-35.4698334 -0.2822163 -1298.1658936
30.4603958 2.4510117 -1297.5761719
-38.6140747 11.6716385 -1299.6652832
31.2891159 13.1535492 -1299.5012207
-31.4265137 35.4285316 -1294.0155029
24.9507217 37.6217575 -1294.9992676
-30.9173889 34.6768723 -1298.6014404
25.3387604 36.4063873 -1298.9792480
-26.5076103 55.4533768 -1295.0141602
19.9009247 56.1660385 -1294.5767822
-6.9852996 35.2078247 -1310.7711182
2.1112728 35.3450356 -1310.0433350
-12.5754547 41.8161583 -1309.0979004
7.1141777 42.6061783 -1309.5826416
-13.5235767 38.0196342 -1309.2315674
8.8899307 39.7567520 -1309.7529297
-6.6992393 22.1363106 -1301.4858398
2.5826135 22.7776527 -1302.4721680
-7.6692061 18.4637680 -1299.4653320
3.7272303 18.6553841 -1299.8564453
-13.0086765 6.7494159 -1310.1237793
8.3111277 6.8388205 -1310.4746094
-14.0724983 21.0098629 -1300.1944580
9.6126709 22.4243336 -1301.4040527
-17.0549507 16.4616852 -1310.2750244
12.2157393 17.6329536 -1310.6507568
-16.8000717 3.4169998 -1294.1690674
13.9323387 3.6863518 -1294.4246826
