# AmiraMesh 3D ASCII 2.0
define Markers 61
Parameters {
NumSets 1,
ContentType "LandmarkSet",
 color 0 0 1
}
Markers { float[3] Coordinates } @1
# Data section follows
@1
-59.8840942 -52.7925415 -188.3078766
-57.6065979 -50.0838318 -156.6953583
-48.1402893 -68.2867279 -105.2449646
-45.1073685 -80.5161743 -100.1079712
-42.6816521 -46.9761658 -29.1421814
-49.1627808 6.5810814 -4.0623779
-50.6504517 22.6726646 -0.2718811
-60.7959518 43.0307312 -49.1500092
-61.7574997 31.6402588 -74.2946320
-59.1092720 10.2087708 -91.8369598
-58.9787025 -1.1751709 -102.3351288
-61.5187645 -7.0004578 -129.2707367
-60.9204369 -16.9868469 -143.0197601
-61.5441818 -36.4134827 -169.9296570
-61.4562378 -47.9453430 -189.2742615
-90.4942017 -37.4354248 -172.1721649
-33.9273911 -28.1280518 -179.1390381
-84.3178253 -34.9180298 -174.9871521
-40.0314331 -28.5273132 -179.6606293
-82.1190491 -5.1753540 -139.4955139
-45.2072029 2.1971130 -144.2526398
-67.5500031 -52.6051788 -142.6027679
-42.6733551 -48.8623657 -146.0928955
-80.4236145 -53.3357239 -120.4704437
-26.9255524 -44.5356140 -127.3542175
-95.6670609 -65.6493225 -97.2171326
-5.2884293 -52.1741333 -105.5793457
-100.8938904 -60.0986328 -92.0154495
1.0702515 -46.4939384 -102.8413315
-66.3914566 -50.4614258 -111.1178513
-38.5596809 -46.5864563 -116.0619507
-100.5785522 -32.6186371 -130.4011230
-17.5236149 -19.7367554 -139.9405823
-112.6720123 -32.0660095 -101.9593506
-0.2678528 -11.3475952 -113.3811417
-115.3191833 -18.6226654 -96.5181656
2.1037750 0.3545837 -106.6795044
-108.7246094 1.3679810 -61.9953918
-6.5338211 18.1479492 -74.8845367
-108.4260254 8.9826660 -65.9742584
-9.0264740 24.3190918 -79.2610168
-100.5894394 7.0879211 -18.9874573
-5.8762817 24.1838379 -29.8099709
-67.0664673 32.9264832 -75.4587555
-56.2906494 35.5621643 -76.1292877
-75.8372803 41.7311401 -63.1490479
-49.6042252 46.5736694 -67.0064850
-80.7630615 35.2053833 -66.6611023
-42.7833138 42.0224609 -70.0588837
-66.4535675 9.7089233 -90.4351501
-52.9461899 12.3625488 -92.0232544
-71.7540741 5.2356873 -95.1943970
-49.4254723 7.1801453 -97.8164368
-83.1166611 -4.0577087 -127.8115387
-43.2401009 2.3961182 -133.4008942
-78.8133850 -1.1854553 -106.1679535
-42.6290779 4.2200012 -109.4911346
-84.3431473 -2.5012512 -119.3361511
-40.1390800 4.3754272 -125.0705109
-82.9211578 -32.3788147 -107.4209747
-27.0048370 -24.9327393 -112.6275101
