# AmiraMesh 3D ASCII 2.0
define Markers 61
Parameters {
NumSets 1,
ContentType "LandmarkSet",
 color 0 0 1
}
Markers { float[3] Coordinates } @1
# Data section follows
@1
5.8164539 -56.6615295 -4.9910278
4.9056549 -51.2666626 20.9561024
4.0994515 -66.2416687 77.0675354
4.0890980 -72.2660828 84.0166168
2.5569863 -47.8786621 144.7083435
2.8849621 13.6241322 173.9241028
2.9160371 31.1049728 170.6961517
1.0498934 46.8083801 132.6680908
2.0305510 35.3854065 104.3099289
2.3572340 16.4777222 90.9055939
3.3392513 2.3099976 74.7777252
3.4851317 -4.7263184 52.3067322
2.8139598 -16.6433105 38.5738220
4.6787148 -37.3231812 12.7809858
4.9736710 -50.0091553 -4.4855251
-23.4010620 -33.0265350 9.6099548
32.7166443 -32.3928070 9.0000153
-17.1308212 -31.5665474 9.2673035
26.2297745 -30.4583778 9.7028503
-16.4537086 0.6492615 46.7639923
22.6016350 1.7374573 46.0227890
-9.3513107 -51.5504456 35.6553345
19.7083626 -50.2156677 36.8794479
-20.8019466 -49.9897461 56.9963379
30.8508720 -47.1317139 57.1118469
-37.2735825 -56.3791351 77.5553436
45.4789543 -53.9120483 77.9263153
-43.3973999 -49.5201721 81.8322296
52.2887878 -46.6732445 82.3619232
-9.6156273 -48.2219543 64.8744049
17.5010128 -46.8476868 65.0564575
-33.9069824 -24.5548248 45.9503784
42.3406487 -22.5761566 47.8985138
-45.7444916 -23.8432312 65.0614700
54.4027252 -19.6534119 66.5394745
-48.6115570 -8.6415405 70.7800903
56.3587646 -4.7774658 71.5983963
-48.6605988 11.8569794 111.3437271
52.1911469 15.8104706 111.2972717
-49.0527954 18.1632080 106.4029083
53.7086792 20.5632019 106.6485291
-36.6473541 27.4626923 152.3833160
43.9234772 28.9555817 149.0539093
-3.8964100 37.6502380 103.0959396
7.3882065 38.3225403 103.0446777
-12.7677574 45.6395874 117.2108536
15.0832767 47.9998474 115.8781204
-18.7552624 41.0039368 110.9134140
21.6001740 43.2691345 110.8308716
-6.0441570 16.0183868 89.4544067
10.8700657 16.6812439 90.5491028
-8.4440002 7.0976868 81.4414978
13.0675888 8.2640686 80.7944946
-16.6873169 2.9501038 51.1670609
22.8922729 5.3310547 50.8327026
-14.5335655 3.1436462 69.4558563
20.2337189 7.0248108 72.3916779
-19.2294331 8.7357483 60.4483109
25.7169380 10.8392029 60.2013168
-27.6918488 -27.5206909 64.4876556
32.6793823 -23.4994965 64.8349609
