# AmiraMesh 3D ASCII 2.0
define Markers 61
Parameters {
NumSets 1,
ContentType "LandmarkSet",
 color 0 0 1
}
Markers { float[3] Coordinates } @1
# Data section follows
@1
-1.1139591 4.4321885 -1449.3425293
-0.8853149 1.6564941 -1445.9383545
-2.0982337 -32.2024422 -1390.6918945
-2.9498234 -42.0792236 -1390.2917480
-1.5736251 -42.6059265 -1334.5485840
-0.9724460 -5.3091850 -1301.8712158
-1.3684974 -0.5499344 -1301.9411621
-1.7208033 21.0279999 -1327.5742188
-1.6747036 20.3828888 -1345.3840332
-2.0059547 13.9789886 -1357.9316406
-1.7990065 8.9490051 -1364.0693359
-0.9895859 8.8227234 -1387.0289307
-1.3376818 7.0776520 -1400.6635742
-0.3953753 5.9148102 -1430.4514160
-0.3104420 9.6552429 -1449.7268066
-18.4547462 12.4231110 -1433.6866455
16.4127522 13.1917877 -1434.6744385
-15.2644529 13.1821899 -1432.2692871
12.3557215 13.2910004 -1432.1889648
-14.6256857 17.7936249 -1386.1589355
10.8346825 17.3024139 -1386.4921875
-8.8964901 -6.5521469 -1431.8861084
8.2365170 -5.8969994 -1432.6596680
-20.5211754 -16.2805405 -1392.5747070
18.8157864 -15.5395432 -1392.4786377
-30.8537579 -26.4862747 -1383.6066895
27.1208992 -26.7919998 -1384.1809082
-33.2514648 -28.0150757 -1375.8865967
30.4999542 -26.8370056 -1377.7913818
-7.4783325 -18.6865692 -1388.6148682
3.8911343 -18.1607819 -1389.2138672
-33.6421776 6.5123672 -1392.7993164
29.1171417 6.9060135 -1394.0270996
-40.8436279 3.3788300 -1375.9304199
37.6329193 4.3530731 -1374.2861328
-43.6202736 8.4793549 -1362.1893311
40.1343498 8.7610779 -1363.3874512
-36.0785828 5.6504059 -1337.3414307
32.5127258 6.5639496 -1336.6881104
-35.7556000 10.6845245 -1337.6557617
32.2619019 10.1756134 -1338.0985107
-24.9852886 3.8992920 -1312.5484619
22.0076408 3.5627747 -1313.6358643
-6.2197065 23.2174835 -1345.9833984
2.8667560 23.3336945 -1346.2325439
-10.7102900 23.3467102 -1334.5872803
8.0720415 23.9298401 -1335.7861328
-13.5050154 23.2556458 -1339.3160400
10.6497107 22.9872894 -1339.8840332
-7.7170544 14.1915283 -1357.0444336
4.0485649 14.0960236 -1357.4611816
-9.8271599 9.2439880 -1364.1541748
6.1389751 9.0061951 -1365.6125488
-15.2908649 16.0657501 -1381.0610352
11.7134495 16.2356873 -1381.1098633
-16.5848465 9.6690979 -1360.0703125
13.6414490 9.8094635 -1360.2221680
-22.1929703 19.2832642 -1368.7736816
18.6101379 19.3579865 -1368.1313477
-18.1796494 -3.3112640 -1378.5225830
13.7343369 -3.0091705 -1376.3801270
