# AmiraMesh 3D ASCII 2.0
define Markers 61
Parameters {
NumSets 1,
ContentType "LandmarkSet",
 color 0 0 1
}
Markers { float[3] Coordinates } @1
# Data section follows
@1
66.05135 68.44777 -297.46136
67.37328 66.87619 -320.89594
72.49168 87.98764 -360.19333
73.12209 97.94937 -365.68372
77.44600 116.48578 -419.63660
76.43845 72.96114 -478.26056
76.69821 58.39601 -480.13058
72.37092 25.37674 -454.64978
71.47041 18.00116 -417.85669
71.56519 31.63223 -399.34558
71.67855 34.91350 -393.06622
69.50029 27.51660 -361.44971
69.08882 34.10240 -352.19052
67.58581 56.00056 -318.35147
65.01191 63.22643 -295.64203
37.17386 49.23837 -313.35962
96.69254 46.48143 -310.00409
42.44949 45.43144 -312.48267
91.17380 43.17230 -309.45377
50.77219 21.89426 -358.44193
85.18713 21.08372 -354.96445
55.73820 67.36153 -329.95618
82.39682 65.95947 -327.81641
41.52596 71.62563 -353.43872
98.84531 68.48178 -350.25732
32.49121 86.58501 -371.17490
111.40219 81.79808 -367.29834
28.43161 89.87813 -379.04672
115.94202 87.79744 -373.88800
57.27945 70.65198 -356.15274
82.33538 68.10132 -355.14835
23.77171 50.15343 -349.50806
117.28271 45.38008 -346.08258
18.51748 62.66856 -368.78583
123.81378 56.51013 -363.56479
14.22400 48.38933 -382.31567
129.89331 43.48091 -377.59863
23.78228 48.35541 -420.14780
121.37045 42.68701 -414.64178
22.75056 41.29990 -420.66840
122.94753 35.91977 -415.63123
28.75704 63.29386 -459.01300
120.99117 60.37810 -453.77124
63.95850 15.79294 -419.22070
78.79228 14.78955 -418.63400
58.55969 16.82983 -433.90894
86.05431 15.62880 -432.39462
52.95029 15.74078 -426.73337
90.03220 13.52251 -424.65198
63.74812 32.46994 -401.60080
79.39716 31.83276 -400.72733
59.20282 34.98578 -396.17523
83.06245 34.43704 -394.04858
50.89646 22.20125 -362.76828
86.00080 20.94304 -360.49976
48.72865 26.01225 -387.46912
91.87347 24.59122 -383.60919
42.74112 18.83490 -378.88901
94.94783 16.97453 -373.90872
43.17270 55.38617 -370.05313
98.75142 52.60933 -368.28363
