# AmiraMesh 3D ASCII 2.0
define Markers 61
Parameters {
NumSets 1,
ContentType "LandmarkSet",
 color 0 0 1
}
Markers { float[3] Coordinates } @1
# Data section follows
@1
-8.65792274 86.94515991 51.98580933
-0.87255096 54.45431519 58.08117676
12.81750107 18.60787964 91.71951294
17.26234436 13.77896118 102.94815063
30.23335648 -46.80965424 128.55722046
42.38204956 -102.12875366 91.24225616
40.77383423 -106.51336670 82.40464020
25.68321609 -84.72495270 35.85485840
16.82503510 -52.38248444 26.94116211
12.58028793 -32.41593933 34.00201416
10.08942413 -15.54109192 40.07052612
2.75437164 10.82857132 28.95486450
-0.06468201 24.19865799 32.10275269
-5.82239532 62.15617752 45.99029541
-10.37974548 83.80514526 45.94119263
19.89692688 71.65890503 27.43148804
-36.49023438 59.87113953 40.82936096
14.43214417 69.64486694 25.28265381
-32.69536591 59.80805969 37.79187012
15.05924988 18.75755310 14.12695312
-18.22913361 11.14375305 21.93899536
13.51985931 47.18490601 59.95800781
-9.06478500 43.11151123 65.20129395
35.24818039 32.63354492 63.05680847
-23.16802597 19.37411499 75.41365051
49.23797989 22.54492188 79.43424988
-24.90186691 4.01895142 97.45503235
59.55484009 15.89521790 78.44572449
-31.07777405 -5.97676849 99.32446289
19.04180908 20.55044556 67.98063660
-1.67776489 15.66819763 74.09869385
44.42689514 39.52404785 30.90983582
-44.47913361 19.52227783 53.82437134
62.48245239 23.72525024 39.05883789
-46.74271393 -9.66210175 67.08099365
69.30853271 4.27535248 25.96759033
-50.02583313 -24.97198486 51.84225464
69.65524292 -36.63812256 35.94116211
-29.17205811 -62.36895752 55.92945862
68.64422607 -37.97795486 28.87036133
-30.75686646 -65.03755188 48.48834229
80.17388916 -76.78329468 59.43524170
-12.87997818 -99.66552734 77.02102661
24.25492859 -51.56075287 22.92327881
9.19372559 -56.12066650 26.71737671
34.23247528 -66.67268372 21.62930298
8.81835938 -73.93728638 25.79132080
37.77208710 -58.52989578 20.92501831
1.17547607 -68.54383087 28.14535522
22.35655212 -31.81723785 33.88977051
3.17832947 -36.93595123 35.53579712
25.98180389 -23.54014206 36.11508179
-2.40106964 -31.47057343 42.95214844
16.85456085 12.96365356 18.91308594
-14.95433044 5.20869064 27.50839233
26.06643677 -12.35974121 23.37573242
-12.03374195 -21.81283569 31.88189697
26.41199493 -1.83246231 14.92654419
-18.29528809 -14.03907776 26.03134155
35.09989166 13.56023598 48.93090820
-20.16838074 0.11651993 61.95855713
