# AmiraMesh 3D ASCII 2.0
define Markers 61
Parameters {
NumSets 1,
ContentType "LandmarkSet",
 color 0 0 1
}
Markers { float[3] Coordinates } @1
# Data section follows
@1
1.2597702 -184.6563110 -160.1767578
0.6664214 -188.3058777 -165.3388672
-0.7372971 -211.6304321 -196.3698730
-0.3171186 -215.9140930 -199.5903778
0.8126842 -223.5636749 -247.9702148
-0.5362358 -200.7341003 -284.7582397
0.8838139 -188.3063354 -289.5642090
1.6154346 -171.3225403 -277.8832397
1.3626242 -164.6892090 -258.2637329
1.2186279 -173.4403534 -236.5088806
1.0775146 -176.2553711 -225.8245239
0.7081127 -172.2876434 -213.4400482
0.9659634 -173.7085266 -203.4875946
0.5290281 -179.9843445 -175.6789551
0.9515605 -180.7983093 -162.0945129
18.1213436 -176.0423889 -174.0473022
-15.8988781 -175.0330963 -173.5704803
13.6612892 -175.5466461 -174.5717163
-11.6749182 -175.5400543 -174.9196167
13.2178373 -164.1802368 -209.6769257
-10.4258432 -163.5197601 -208.7113037
8.2337818 -194.1331940 -174.6246643
-8.0122814 -193.3737793 -174.9454956
22.0812035 -194.4278717 -190.2435913
-23.6168098 -194.0315857 -191.2947540
32.5868950 -208.6365967 -197.9113770
-33.2252159 -207.6678162 -199.7834320
33.4302979 -209.1714783 -204.4157410
-34.6307220 -207.6275177 -207.2265930
7.7088318 -202.1969299 -198.2756653
-8.1371918 -201.6001282 -198.9984131
31.0258713 -176.8694458 -197.6186676
-29.5947475 -176.3395081 -197.8272705
41.8346100 -183.8026428 -213.7169647
-41.3127747 -182.3838959 -214.6683044
42.6493530 -177.3710327 -219.5603638
-40.9454651 -175.2639923 -220.4583893
36.0619354 -176.8266907 -250.2001038
-33.4509964 -175.2541504 -251.3424530
35.0442810 -172.6166687 -250.4438019
-32.5551147 -170.9930420 -251.2516937
29.1223106 -185.7883759 -277.2648926
-26.1044273 -184.2795105 -277.7357788
7.9173465 -161.8326569 -259.7364807
-5.4051290 -161.7548218 -260.0936584
11.9832468 -164.8874817 -267.6932983
-8.7345095 -164.4141998 -267.8512268
14.8487625 -164.4392700 -264.4820251
-11.4251928 -163.3460693 -264.4839172
7.9678988 -174.3928986 -237.3866425
-5.6974154 -175.0550995 -237.0473633
12.3875122 -174.5046387 -233.1138306
-9.4395390 -173.6564789 -232.4405365
13.8221197 -168.5145416 -215.2434845
-11.8273687 -167.2993164 -215.3782654
15.8180914 -171.2199554 -232.7310181
-12.4916048 -169.4037781 -233.0157776
19.1698208 -165.3078461 -228.4439697
-16.2985821 -164.2000580 -229.5308380
21.5555115 -184.8401947 -208.8808289
-21.2673683 -183.1814575 -209.8206635
