# AmiraMesh 3D ASCII 2.0
define Markers 61
Parameters {
NumSets 1,
ContentType "LandmarkSet",
 color 0 0 1
}
Markers { float[3] Coordinates } @1
# Data section follows
@1
-2.43873596 -190.56153870 -40.05564880
-1.79053688 -195.98570251 -50.34774780
-1.06456757 -227.78567505 -102.75360107
-0.95432663 -236.24304199 -104.85559082
0.93920088 -223.74157715 -160.88975525
1.11213779 -190.61228943 -184.05117798
0.48906040 -181.28610229 -184.44796753
0.13166332 -164.79888916 -160.36680603
-0.38257599 -168.14089966 -141.82870483
-0.26909828 -179.28868103 -129.39935303
0.08684349 -189.57359314 -122.45875549
-0.94989395 -181.25767517 -100.05030823
-1.24803734 -181.27491760 -84.51251221
-1.39718437 -187.36349487 -59.11076355
-1.45544815 -184.05366516 -40.08428574
12.37497711 -182.33325195 -49.71227264
-16.02098083 -182.16111755 -51.79615784
8.74310303 -181.22726440 -51.53686523
-10.81402588 -181.24508667 -54.02256775
10.38779068 -170.29306030 -99.51564789
-10.84575939 -171.16229248 -100.72703552
5.89710426 -199.03094482 -63.05715942
-9.29009914 -199.06976318 -63.70265198
15.68474102 -211.99758911 -98.37271118
-16.30577469 -211.97956848 -99.02407837
26.55371666 -223.39105225 -109.41989136
-28.05693245 -222.05624390 -111.16412354
30.09158325 -223.16871643 -115.97206116
-31.21401978 -222.18582153 -118.33541870
5.64227533 -212.96035767 -102.65628052
-7.03247309 -213.65795898 -102.46902466
35.11574173 -190.88916016 -95.13339233
-34.32285309 -191.27581787 -95.10545349
43.15798950 -194.86895752 -110.63214111
-43.46825027 -195.94775391 -112.73567200
45.20020294 -181.48391724 -125.04524994
-44.46876526 -184.14056396 -127.28543091
33.42590332 -180.24832153 -150.26840210
-31.17149353 -181.63040161 -150.64819336
33.09625244 -175.33636475 -148.36094666
-32.31813049 -177.03083801 -149.65798950
26.61067009 -177.21076965 -169.84339905
-26.46385193 -178.51879883 -169.37193298
4.49906540 -164.22389221 -141.74719238
-4.99184608 -164.62892151 -142.06082153
9.35519600 -165.77882385 -151.22805786
-10.03211975 -166.88038635 -151.86917114
11.32661438 -164.77850342 -146.03944397
-12.64317703 -165.01518250 -148.32145691
5.37526703 -180.09182739 -130.14056396
-5.72562027 -180.35095215 -129.98022461
6.66948986 -183.01615906 -126.32640076
-6.84070778 -183.20610046 -126.12364197
10.99160099 -173.62013245 -105.80157471
-10.94766998 -174.20358276 -105.88287354
12.52124023 -179.37536621 -129.16773987
-13.48507690 -179.09388733 -129.71189880
17.92333031 -169.20341492 -119.75881195
-18.80815887 -170.14866638 -120.61357880
14.28374481 -199.14138794 -113.14435577
-13.76297760 -200.26872253 -114.20681000
