-1.140601272583008e+002 -2.211502075195313e+001 9.906154174804688e+002 
-1.066328735351563e+002 -2.686329650878906e+001 9.976286621093750e+002 
-9.358645629882813e+001 -1.833433532714844e+001 9.957591552734375e+002 
-1.013104019165039e+002 -1.679458618164063e+001 9.851990356445313e+002 
-1.263330917358398e+002 -7.941284179687500e+000 9.817132568359375e+002 
-1.423970642089844e+002 -8.383398056030273e+000 9.903884887695313e+002 
-1.473024291992188e+002 -4.682285308837891e+000 9.779910888671875e+002 
-1.252377166748047e+002 1.507436370849609e+001 9.990363769531250e+002 
-1.515568695068359e+002 -1.945129966735840e+001 9.943208007812500e+002 
-1.377570800781250e+002 -3.248838043212891e+001 9.887413330078125e+002 
-1.323096618652344e+002 -3.392253112792969e+001 1.010381958007813e+003 
-1.477815246582031e+002 -1.742727661132813e+001 1.006864990234375e+003 
1.017582855224609e+002 -5.263954162597656e+000 1.110818603515625e+003 
8.404164123535156e+001 2.256890869140625e+001 1.091009765625000e+003 
1.104154663085938e+002 1.912612915039063e+001 1.086859130859375e+003 
1.175237121582031e+002 9.432352066040039e+000 1.080189331054688e+003 
1.105845031738281e+002 -2.355686187744141e+001 1.104338623046875e+003 
1.056662292480469e+002 4.490566253662109e-001 1.092492797851563e+003 
9.086483001708984e+001 -2.650341033935547e+001 1.109024169921875e+003 
8.742095184326172e+001 -3.620553588867188e+001 1.090676025390625e+003 
8.311111450195313e+001 -2.258170318603516e+001 1.088177490234375e+003 
9.046525573730469e+001 -1.835016822814941e+001 1.081949218750000e+003 
9.374713134765625e+001 -5.190963745117188e+000 1.073133422851563e+003 
9.108279418945313e+001 1.392120361328125e+000 1.065647705078125e+003 
1.026697311401367e+002 8.984802246093750e+000 1.059526367187500e+003 

