-6.513946533203125e+000 3.418548583984375e+000 9.669114990234375e+002 
-1.141598510742188e+001 -1.340240478515625e+000 9.721534423828125e+002 
-6.851348876953125e+000 3.938659667968750e+000 9.837550048828125e+002 
-3.462463378906250e+000 1.049984741210938e+001 9.741829833984375e+002 
8.190765380859375e+000 2.771240234375000e+000 9.530671386718750e+002 
5.042110443115234e+000 -1.101531982421875e+001 9.392985839843750e+002 
8.942657470703125e+000 -1.844029426574707e+000 9.333480224609375e+002 
2.762017822265625e+001 -1.542940902709961e+001 9.578785400390625e+002 
-3.466445922851563e+000 -6.069381713867188e+000 9.323979492187500e+002 
-1.433176422119141e+001 2.841827392578125e+000 9.433825683593750e+002 
-2.098236083984375e+001 -1.559284973144531e+001 9.522476806640625e+002 
-8.761230468750000e+000 -2.102380371093750e+001 9.371251220703125e+002 
-2.342695617675781e+001 -3.876287841796875e+001 1.195320922851563e+003 
1.295385742187500e+001 -4.340838623046875e+001 1.173293945312500e+003 
1.476016235351563e+001 -3.171792602539063e+001 1.195928222656250e+003 
1.245628356933594e+001 -2.121401977539063e+001 1.199368408203125e+003 
-3.058041381835938e+001 -2.648545837402344e+001 1.199542968750000e+003 
-4.973957061767578e+000 -2.927188873291016e+001 1.193263793945313e+003 
-3.859310913085938e+001 -3.219140625000000e+001 1.182931518554688e+003 
-3.708282470703125e+001 -1.714398193359375e+001 1.175011962890625e+003 
-2.287743759155273e+001 -1.976832580566406e+001 1.169644409179688e+003 
-1.619273757934570e+001 -1.541091918945313e+001 1.174767089843750e+003 
-1.911300659179688e+000 -1.442495727539063e+001 1.176927246093750e+003 
6.812740325927734e+000 -1.371917724609375e+001 1.171665649414063e+003 
1.723600959777832e+001 -9.279052734375000e+000 1.177128906250000e+003 

