-1.022127151489258e+002 -2.455310668945313e+002 9.960004882812500e+002 
-9.430636596679688e+001 -2.416323852539063e+002 1.003013732910156e+003 
-9.485398864746094e+001 -2.260550994873047e+002 1.001144226074219e+003 
-1.001682739257813e+002 -2.318678894042969e+002 9.905841674804688e+002 
-1.206919784545898e+002 -2.486991882324219e+002 9.870983886718750e+002 
-1.286258239746094e+002 -2.626741943359375e+002 9.957735595703125e+002 
-1.343311767578125e+002 -2.649566955566406e+002 9.833762207031250e+002 
-1.398200988769531e+002 -2.358526000976563e+002 1.004421447753906e+003 
-1.238944778442383e+002 -2.762393798828125e+002 9.997058715820313e+002 
-1.055978240966797e+002 -2.711765747070313e+002 9.941264038085938e+002 
-1.015518798828125e+002 -2.672572021484375e+002 1.015767028808594e+003 
-1.236729507446289e+002 -2.719614257812500e+002 1.012250061035156e+003 
-4.959098815917969e+000 -5.213191223144531e+001 1.116203613281250e+003 
-3.794350433349609e+001 -5.289048767089844e+001 1.096394775390625e+003 
-2.135054779052734e+001 -3.210336303710938e+001 1.092244140625000e+003 
-9.377307891845703e+000 -3.103667449951172e+001 1.085574462890625e+003 
1.526152801513672e+001 -5.404466247558594e+001 1.109723632812500e+003 
-7.825691223144531e+000 -4.583166503906250e+001 1.097877929687500e+003 
7.579162597656250e+000 -7.244380950927734e+001 1.114409179687500e+003 
1.409944152832031e+001 -8.041108703613281e+001 1.096061035156250e+003 
2.111968994140625e-001 -7.704955291748047e+001 1.093562500000000e+003 
3.955307006835938e-001 -6.856690979003906e+001 1.087334228515625e+003 
-9.166858673095703e+000 -5.894943237304688e+001 1.078518554687500e+003 
-1.617876052856445e+001 -5.782299804687500e+001 1.071032714843750e+003 
-1.668039703369141e+001 -4.397907257080078e+001 1.064911376953125e+003 

