-3.800916910171509e+000 -2.108555450439453e+002 -2.882557678222656e+002 
-1.601473045349121e+001 -2.034551086425781e+002 -2.882557678222656e+002 
-1.797559738159180e+001 -1.916543273925781e+002 -2.882557678222656e+002 
-3.799103736877441e+000 -1.832330627441406e+002 -2.882557678222656e+002 
1.400644588470459e+001 -1.892152404785156e+002 -2.882557678222656e+002 
7.599411010742188e+000 -2.037625122070313e+002 -2.882557678222656e+002 
-1.840662193298340e+001 -2.074110107421875e+002 -2.774099426269531e+002 
-7.932729721069336e-001 -2.143321075439453e+002 -2.774099426269531e+002 
1.806268119812012e+001 -2.023212432861328e+002 -2.774099426269531e+002 
1.812292289733887e+001 -1.845331573486328e+002 -2.774099426269531e+002 
2.010864257812500e+000 -1.757317962646484e+002 -2.774099426269531e+002 
-1.542663669586182e+001 -1.840705871582031e+002 -2.774099426269531e+002 
-1.916441726684570e+001 -1.986507415771484e+002 -2.774099426269531e+002 
-7.650597572326660e+000 -2.217436523437500e+002 -2.557183380126953e+002 
-2.019125175476074e+001 -2.108708343505859e+002 -2.557183380126953e+002 
-2.086800003051758e+001 -1.968882751464844e+002 -2.557183380126953e+002 
-1.439665031433106e+001 -1.870759429931641e+002 -2.557183380126953e+002 
1.842598438262940e+000 -1.846037292480469e+002 -2.557183380126953e+002 
1.550015068054199e+001 -1.891974792480469e+002 -2.557183380126953e+002 
1.966876602172852e+001 -2.011135406494141e+002 -2.557183380126953e+002 
1.106707382202148e+001 -2.137866973876953e+002 -2.557183380126953e+002 
-5.240255355834961e+000 -2.306390991210938e+002 -2.340267181396484e+002 
-1.556993675231934e+001 -2.254053039550781e+002 -2.340267181396484e+002 
-1.987612915039063e+001 -2.133429565429688e+002 -2.340267181396484e+002 
-1.386744880676270e+001 -2.058099212646484e+002 -2.340267181396484e+002 
8.747398853302002e-001 -2.030174255371094e+002 -2.340267181396484e+002 
1.133979606628418e+001 -2.063100738525391e+002 -2.340267181396484e+002 
1.369387340545654e+001 -2.177107849121094e+002 -2.340267181396484e+002 
8.078158378601074e+000 -2.271732788085938e+002 -2.340267181396484e+002 

