# AmiraMesh 3D ASCII 2.0


define Lines 101
nVertices 100

Parameters {
    SURFACE_NAME "The_gel_M.ply",
    TRIANGLE_SIZE 74999,
    ContentType "HxLineSet"
}

Lines { int LineIdx } @1
Vertices { float[3] Coordinates } @2

# Data section follows
@1
0 
2 
3 
4 
5 
6 
7 
8 
9 
10 
11 
12 
13 
14 
15 
16 
17 
18 
19 
20 
21 
22 
23 
24 
25 
26 
27 
28 
29 
30 
31 
32 
33 
34 
35 
36 
37 
38 
39 
40 
41 
42 
43 
44 
45 
46 
47 
48 
49 
50 
51 
52 
53 
54 
55 
56 
57 
58 
59 
60 
61 
62 
63 
64 
65 
66 
67 
68 
69 
70 
71 
72 
73 
74 
75 
76 
77 
78 
79 
80 
81 
82 
83 
84 
85 
86 
87 
88 
89 
90 
91 
92 
93 
94 
95 
96 
97 
98 
99 
1 
-1 

@2
3.231659698486328e+001 6.730325317382813e+001 -1.996685981750488e+001 
3.313880920410156e+001 3.497790527343750e+001 -2.620344638824463e+000 
3.231582641601563e+001 6.725005340576172e+001 -1.988603782653809e+001 
3.231359481811523e+001 6.713710021972656e+001 -1.970016479492188e+001 
3.231228637695313e+001 6.696680450439453e+001 -1.947021102905273e+001 
3.231121063232422e+001 6.666426849365234e+001 -1.909243392944336e+001 
3.231118011474609e+001 6.640917968750000e+001 -1.879549026489258e+001 
3.231330871582031e+001 6.612557220458984e+001 -1.851821899414063e+001 
3.231861114501953e+001 6.564222717285156e+001 -1.808700180053711e+001 
3.231977081298828e+001 6.556359100341797e+001 -1.802425193786621e+001 
3.232510375976563e+001 6.520394134521484e+001 -1.773757362365723e+001 
3.232858657836914e+001 6.492066955566406e+001 -1.749406242370606e+001 
3.233341598510742e+001 6.458833312988281e+001 -1.722670936584473e+001 
3.233924102783203e+001 6.419262695312500e+001 -1.691024208068848e+001 
3.234169387817383e+001 6.392704772949219e+001 -1.666205024719238e+001 
3.234471511840820e+001 6.368009948730469e+001 -1.644942474365234e+001 
3.234946823120117e+001 6.317811965942383e+001 -1.598309516906738e+001 
3.235074615478516e+001 6.306042480468750e+001 -1.587769412994385e+001 
3.235201263427734e+001 6.291679763793945e+001 -1.574216747283936e+001 
3.235707855224609e+001 6.238563537597656e+001 -1.524954223632813e+001 
3.235963439941406e+001 6.187384414672852e+001 -1.471792221069336e+001 
3.236073303222656e+001 6.171891021728516e+001 -1.456494331359863e+001 
3.236099243164063e+001 6.165441513061523e+001 -1.449641704559326e+001 
3.236159896850586e+001 6.150266265869141e+001 -1.433510589599609e+001 
3.236460113525391e+001 6.088654327392578e+001 -1.369320487976074e+001 
3.236662292480469e+001 6.028683853149414e+001 -1.304638862609863e+001 
3.236664962768555e+001 6.027056503295898e+001 -1.302807140350342e+001 
3.236679458618164e+001 6.023941802978516e+001 -1.299541950225830e+001 
3.236696624755859e+001 6.021136093139648e+001 -1.296710109710693e+001 
3.237088775634766e+001 5.973352813720703e+001 -1.250850963592529e+001 
3.237235260009766e+001 5.959913253784180e+001 -1.238834190368652e+001 
3.237730026245117e+001 5.915612030029297e+001 -1.199538993835449e+001 
3.238156890869141e+001 5.879584503173828e+001 -1.168182277679443e+001 
3.238776397705078e+001 5.837842559814453e+001 -1.134920597076416e+001 
3.239291381835938e+001 5.804178619384766e+001 -1.108467006683350e+001 
3.239577484130859e+001 5.787857055664063e+001 -1.096540737152100e+001 
3.240830612182617e+001 5.721598052978516e+001 -1.050362873077393e+001 
3.241380310058594e+001 5.694860839843750e+001 -1.032815361022949e+001 
3.242229843139648e+001 5.656509399414063e+001 -1.009138870239258e+001 
3.243785858154297e+001 5.585833740234375e+001 -9.652761459350586e+000 
3.245501327514648e+001 5.519354248046875e+001 -9.301950454711914e+000 
3.245793914794922e+001 5.507403182983398e+001 -9.235088348388672e+000 
3.246326446533203e+001 5.488206100463867e+001 -9.142904281616211e+000 
3.249131011962891e+001 5.388604736328125e+001 -8.675120353698731e+000 
3.250038146972656e+001 5.361262512207031e+001 -8.580366134643555e+000 
3.250764465332031e+001 5.333514022827148e+001 -8.436525344848633e+000 
3.251467132568359e+001 5.310552978515625e+001 -8.342451095581055e+000 
3.253526306152344e+001 5.238457870483398e+001 -8.010927200317383e+000 
3.253836441040039e+001 5.228072357177734e+001 -7.966580867767334e+000 
3.254062652587891e+001 5.220529174804688e+001 -7.934356212615967e+000 
3.256190109252930e+001 5.148069381713867e+001 -7.615473270416260e+000 
3.257348632812500e+001 5.109445190429688e+001 -7.451537609100342e+000 
3.258771514892578e+001 5.063948822021484e+001 -7.272649765014648e+000 
3.260464859008789e+001 5.012034988403320e+001 -7.085596084594727e+000 
3.260669708251953e+001 5.005706405639648e+001 -7.062344074249268e+000 
3.260892486572266e+001 4.998680114746094e+001 -7.035548210144043e+000 
3.263231658935547e+001 4.925785827636719e+001 -6.763566970825195e+000 
3.264030075073242e+001 4.900333023071289e+001 -6.664130687713623e+000 
3.264861297607422e+001 4.874658203125000e+001 -6.570030212402344e+000 
3.266966629028320e+001 4.807017135620117e+001 -6.301555156707764e+000 
3.267257308959961e+001 4.797848510742188e+001 -6.266477584838867e+000 
3.267444610595703e+001 4.792332839965820e+001 -6.248427391052246e+000 
3.270790100097656e+001 4.690976715087891e+001 -5.893127441406250e+000 
3.270828628540039e+001 4.689769744873047e+001 -5.888538360595703e+000 
3.270880126953125e+001 4.688309097290039e+001 -5.884276390075684e+000 
3.270981216430664e+001 4.685363388061523e+001 -5.874840259552002e+000 
3.274285125732422e+001 4.589551162719727e+001 -5.573725223541260e+000 
3.276454162597656e+001 4.524985885620117e+001 -5.356620788574219e+000 
3.276874542236328e+001 4.513159561157227e+001 -5.322675228118897e+000 
3.277323913574219e+001 4.499974060058594e+001 -5.279795646667481e+000 
3.279662322998047e+001 4.434696960449219e+001 -5.096095561981201e+000 
3.282294082641602e+001 4.359968185424805e+001 -4.874738693237305e+000 
3.283736038208008e+001 4.320396423339844e+001 -4.769389152526856e+000 
3.284858703613281e+001 4.289062500000000e+001 -4.681144237518311e+000 
3.286135864257813e+001 4.254857254028320e+001 -4.597551345825195e+000 
3.287855911254883e+001 4.209133529663086e+001 -4.489039897918701e+000 
3.288866424560547e+001 4.181378936767578e+001 -4.414925575256348e+000 
3.290488052368164e+001 4.138213729858398e+001 -4.311977863311768e+000 
3.293753433227539e+001 4.051159286499023e+001 -4.103026866912842e+000 
3.295626831054688e+001 4.000522613525391e+001 -3.975112438201904e+000 
3.297167968750000e+001 3.958885574340820e+001 -3.870069503784180e+000 
3.299370193481445e+001 3.897578430175781e+001 -3.699079513549805e+000 
3.299419784545898e+001 3.896144104003906e+001 -3.694600820541382e+000 
3.301393127441406e+001 3.838311004638672e+001 -3.507762670516968e+000 
3.301838302612305e+001 3.825000000000000e+001 -3.462443113327026e+000 
3.303250122070313e+001 3.785870361328125e+001 -3.354818820953369e+000 
3.304105758666992e+001 3.761652374267578e+001 -3.283658981323242e+000 
3.304449081420898e+001 3.751839828491211e+001 -3.254107713699341e+000 
3.306346130371094e+001 3.695128250122070e+001 -3.061369419097900e+000 
3.306646728515625e+001 3.689559173583984e+001 -3.070577859878540e+000 
3.307881927490234e+001 3.656303405761719e+001 -2.987679958343506e+000 
3.308662414550781e+001 3.636278152465820e+001 -2.946930170059204e+000 
3.308696365356445e+001 3.634947586059570e+001 -2.939781904220581e+000 
3.308750152587891e+001 3.633395767211914e+001 -2.934996604919434e+000 
3.308887100219727e+001 3.629772186279297e+001 -2.926520347595215e+000 
3.310145568847656e+001 3.591754531860352e+001 -2.794135093688965e+000 
3.311070251464844e+001 3.566767120361328e+001 -2.731012821197510e+000 
3.312062072753906e+001 3.545923995971680e+001 -2.732647180557251e+000 
3.312529373168945e+001 3.533851623535156e+001 -2.707192182540894e+000 
3.313504028320313e+001 3.506165695190430e+001 -2.625045537948608e+000 

