# AmiraMesh 3D ASCII 2.0


define Lines 100
nVertices 99

Parameters {
    ContentType "HxLineSet"
}

Lines { int LineIdx } @1
Vertices { float[3] Coordinates } @2

# Data section follows
@1
0 
2 
3 
4 
5 
6 
7 
8 
9 
1 
11 
12 
13 
14 
15 
16 
17 
18 
19 
20 
21 
22 
23 
24 
25 
26 
27 
28 
29 
30 
31 
32 
10 
34 
35 
36 
37 
38 
39 
40 
41 
42 
43 
44 
45 
46 
47 
48 
49 
50 
51 
52 
53 
54 
33 
56 
57 
58 
59 
60 
55 
62 
63 
64 
65 
66 
67 
68 
61 
70 
71 
72 
73 
74 
75 
76 
77 
78 
79 
80 
81 
82 
83 
84 
85 
86 
87 
88 
89 
90 
91 
92 
93 
94 
95 
96 
97 
98 
69 
-1 

@2
2.074951934814453e+001 6.789533996582031e+001 4.250246429443359e+001 
2.051748275756836e+001 6.885469818115234e+001 4.431081390380859e+001 
2.074183273315430e+001 6.792726135253906e+001 4.256281661987305e+001 
2.069505310058594e+001 6.810803985595703e+001 4.288500976562500e+001 
2.066316223144531e+001 6.821749114990234e+001 4.305837249755859e+001 
2.058673858642578e+001 6.850848388671875e+001 4.357013702392578e+001 
2.058424568176270e+001 6.851900482177734e+001 4.359030532836914e+001 
2.058174514770508e+001 6.853018188476563e+001 4.361262130737305e+001 
2.055242156982422e+001 6.868539428710938e+001 4.395509338378906e+001 
2.052135467529297e+001 6.883564758300781e+001 4.427041625976563e+001 
1.939734268188477e+001 7.107652282714844e+001 4.999217224121094e+001 
2.048887634277344e+001 6.891105651855469e+001 4.445084381103516e+001 
2.045586013793945e+001 6.897481536865234e+001 4.459553909301758e+001 
2.037229537963867e+001 6.913565826416016e+001 4.495492553710938e+001 
2.029599571228027e+001 6.929029083251953e+001 4.538517379760742e+001 
2.021613693237305e+001 6.945483398437500e+001 4.587078857421875e+001 
2.012401962280273e+001 6.963477325439453e+001 4.630156707763672e+001 
2.011322402954102e+001 6.965879058837891e+001 4.639057540893555e+001 
2.007586097717285e+001 6.973097991943359e+001 4.655482482910156e+001 
2.000111961364746e+001 6.988439178466797e+001 4.700154113769531e+001 
1.993620300292969e+001 7.001171112060547e+001 4.731188201904297e+001 
1.990154838562012e+001 7.008367919921875e+001 4.753008270263672e+001 
1.986551094055176e+001 7.015957641601563e+001 4.777069854736328e+001 
1.983000373840332e+001 7.022747802734375e+001 4.791751861572266e+001 
1.975910186767578e+001 7.036576080322266e+001 4.824650573730469e+001 
1.967319297790527e+001 7.053533935546875e+001 4.867133712768555e+001 
1.963477706909180e+001 7.061218261718750e+001 4.887467956542969e+001 
1.962027931213379e+001 7.064122772216797e+001 4.895205688476563e+001 
1.947209358215332e+001 7.092662048339844e+001 4.959152603149414e+001 
1.944120788574219e+001 7.098655700683594e+001 4.973086929321289e+001 
1.943710327148438e+001 7.099459838867188e+001 4.975042724609375e+001 
1.943489646911621e+001 7.099909973144531e+001 4.976310348510742e+001 
1.943044853210449e+001 7.100789642333984e+001 4.978542709350586e+001 
1.868068695068359e+001 7.247531890869141e+001 5.672751617431641e+001 
1.937307929992676e+001 7.111838531494141e+001 5.012459564208984e+001 
1.924241065979004e+001 7.134097290039063e+001 5.078953933715820e+001 
1.924131584167481e+001 7.134288787841797e+001 5.079597854614258e+001 
1.924004745483398e+001 7.134503936767578e+001 5.080233764648438e+001 
1.919493103027344e+001 7.142689514160156e+001 5.111870193481445e+001 
1.911704254150391e+001 7.156783294677734e+001 5.165826797485352e+001 
1.909908103942871e+001 7.160190582275391e+001 5.180993652343750e+001 
1.908627319335938e+001 7.162442016601563e+001 5.188706970214844e+001 
1.907157897949219e+001 7.165106964111328e+001 5.199008178710938e+001 
1.899643325805664e+001 7.179226684570313e+001 5.260140228271484e+001 
1.894595909118652e+001 7.188993835449219e+001 5.306095886230469e+001 
1.892011833190918e+001 7.194282531738281e+001 5.334632873535156e+001 
1.889572906494141e+001 7.199481964111328e+001 5.365185546875000e+001 
1.883886146545410e+001 7.211342620849609e+001 5.431836700439453e+001 
1.882249832153320e+001 7.214783477783203e+001 5.451506042480469e+001 
1.881295013427734e+001 7.216738128662109e+001 5.462046813964844e+001 
1.875886154174805e+001 7.228143310546875e+001 5.527590560913086e+001 
1.874460601806641e+001 7.231252288818359e+001 5.546667861938477e+001 
1.873020362854004e+001 7.235028839111328e+001 5.576951599121094e+001 
1.869397926330566e+001 7.243855285644531e+001 5.641457748413086e+001 
1.868408393859863e+001 7.246474456787109e+001 5.662697601318359e+001 
1.853350830078125e+001 7.253516387939453e+001 5.834761810302734e+001 
1.863396072387695e+001 7.249978637695313e+001 5.718148422241211e+001 
1.862929916381836e+001 7.250235748291016e+001 5.722536087036133e+001 
1.860000801086426e+001 7.251243591308594e+001 5.756797409057617e+001 
1.859182357788086e+001 7.251569366455078e+001 5.765886688232422e+001 
1.853467178344727e+001 7.253512573242188e+001 5.833000564575195e+001 
1.884278106689453e+001 7.284718322753906e+001 6.263141632080078e+001 
1.855054283142090e+001 7.255944061279297e+001 5.862085723876953e+001 
1.860645294189453e+001 7.263185882568359e+001 5.947933959960938e+001 
1.863689804077148e+001 7.265942382812500e+001 5.988450622558594e+001 
1.870941925048828e+001 7.272589111328125e+001 6.085379791259766e+001 
1.875142669677734e+001 7.275579071044922e+001 6.137014007568359e+001 
1.882566833496094e+001 7.283053588867188e+001 6.239760589599609e+001 
1.882906723022461e+001 7.283341979980469e+001 6.244186019897461e+001 
1.987227058410645e+001 7.229896545410156e+001 7.670022583007813e+001 
1.886535644531250e+001 7.289097595214844e+001 6.365441513061523e+001 
1.886662673950195e+001 7.289200592041016e+001 6.369366455078125e+001 
1.886825752258301e+001 7.289300537109375e+001 6.373981475830078e+001 
1.890577125549316e+001 7.290278625488281e+001 6.463323974609375e+001 
1.894629478454590e+001 7.290580749511719e+001 6.550190734863281e+001 
1.897038650512695e+001 7.289794921875000e+001 6.589482116699219e+001 
1.900571060180664e+001 7.288137817382813e+001 6.640631103515625e+001 
1.903775978088379e+001 7.286574554443359e+001 6.686244201660156e+001 
1.909444046020508e+001 7.283030700683594e+001 6.756983184814453e+001 
1.912322616577148e+001 7.281111145019531e+001 6.791375732421875e+001 
1.919694519042969e+001 7.274566650390625e+001 6.858585357666016e+001 
1.920710182189941e+001 7.273639678955078e+001 6.867525482177734e+001 
1.925511169433594e+001 7.269610595703125e+001 6.914295196533203e+001 
1.927669715881348e+001 7.267787170410156e+001 6.935171508789063e+001 
1.933306884765625e+001 7.262948608398438e+001 6.988685607910156e+001 
1.939383316040039e+001 7.258441162109375e+001 7.055469512939453e+001 
1.940349388122559e+001 7.257668304443359e+001 7.065346527099609e+001 
1.941461372375488e+001 7.256999206542969e+001 7.079555511474609e+001 
1.947187805175781e+001 7.252964019775391e+001 7.145206451416016e+001 
1.953948974609375e+001 7.247482299804688e+001 7.213503265380859e+001 
1.960953712463379e+001 7.242483520507813e+001 7.292987823486328e+001 
1.961136817932129e+001 7.242366027832031e+001 7.295233154296875e+001 
1.962168693542481e+001 7.241749572753906e+001 7.308485412597656e+001 
1.969765472412109e+001 7.237170410156250e+001 7.405467987060547e+001 
1.971424484252930e+001 7.235954284667969e+001 7.423883056640625e+001 
1.976100158691406e+001 7.232645416259766e+001 7.477302551269531e+001 
1.980335235595703e+001 7.232260131835938e+001 7.559118652343750e+001 
1.982750511169434e+001 7.231894683837891e+001 7.603898620605469e+001 
1.984687995910645e+001 7.231018829345703e+001 7.632379150390625e+001 

