# AmiraMesh 3D ASCII 2.0


define Lines 115
nVertices 114

Parameters {
    ContentType "HxLineSet"
}

Lines { int LineIdx } @1
Vertices { float[3] Coordinates } @2

# Data section follows
@1
0 
2 
3 
4 
5 
6 
7 
8 
9 
10 
11 
12 
13 
14 
15 
16 
17 
1 
19 
20 
21 
22 
23 
24 
25 
26 
27 
28 
29 
30 
31 
32 
33 
34 
35 
36 
37 
38 
39 
40 
41 
42 
43 
44 
45 
46 
18 
48 
49 
50 
51 
52 
53 
54 
55 
56 
57 
58 
59 
60 
61 
62 
63 
64 
65 
66 
67 
68 
69 
70 
71 
72 
73 
74 
75 
76 
77 
47 
79 
80 
81 
82 
83 
84 
85 
86 
87 
88 
89 
78 
91 
92 
93 
94 
95 
96 
97 
98 
99 
100 
101 
102 
103 
90 
105 
106 
107 
108 
109 
110 
111 
112 
113 
104 
-1 

@2
3.384945678710938e+001 7.584773254394531e+001 -1.203247833251953e+002 
3.519743347167969e+001 6.852246093750000e+001 -1.201932525634766e+002 
3.388383865356445e+001 7.563719177246094e+001 -1.204083557128906e+002 
3.398383331298828e+001 7.506783294677734e+001 -1.204937896728516e+002 
3.407507324218750e+001 7.453784942626953e+001 -1.206101531982422e+002 
3.409917068481445e+001 7.439740753173828e+001 -1.206425018310547e+002 
3.413338470458984e+001 7.422360229492188e+001 -1.205947799682617e+002 
3.424906921386719e+001 7.363117980957031e+001 -1.204507141113281e+002 
3.432096099853516e+001 7.325967407226563e+001 -1.203733444213867e+002 
3.434366607666016e+001 7.313689422607422e+001 -1.203690185546875e+002 
3.435526275634766e+001 7.307672119140625e+001 -1.203573074340820e+002 
3.447713470458984e+001 7.245890045166016e+001 -1.201824188232422e+002 
3.451080322265625e+001 7.228850555419922e+001 -1.201330490112305e+002 
3.471443557739258e+001 7.118098449707031e+001 -1.201165771484375e+002 
3.486026382446289e+001 7.038589477539063e+001 -1.201119384765625e+002 
3.490761947631836e+001 7.012863922119141e+001 -1.201070098876953e+002 
3.502326202392578e+001 6.949034118652344e+001 -1.201318664550781e+002 
3.514216232299805e+001 6.883422088623047e+001 -1.201569519042969e+002 
3.630644989013672e+001 5.921102905273438e+001 -1.220652160644531e+002 
3.521380615234375e+001 6.839828491210938e+001 -1.202073822021484e+002 
3.524165344238281e+001 6.816445922851563e+001 -1.202543869018555e+002 
3.530909729003906e+001 6.760910797119141e+001 -1.203571166992188e+002 
3.532915115356445e+001 6.744920349121094e+001 -1.203823318481445e+002 
3.533525085449219e+001 6.739522552490234e+001 -1.203954391479492e+002 
3.545665740966797e+001 6.649709320068359e+001 -1.204768066406250e+002 
3.548434829711914e+001 6.629019927978516e+001 -1.204974670410156e+002 
3.551688385009766e+001 6.599314117431641e+001 -1.205767059326172e+002 
3.554727554321289e+001 6.569741821289063e+001 -1.206693344116211e+002 
3.565102767944336e+001 6.484978485107422e+001 -1.208205337524414e+002 
3.565646362304688e+001 6.480171966552734e+001 -1.208321838378906e+002 
3.566112136840820e+001 6.474835968017578e+001 -1.208545761108398e+002 
3.568749237060547e+001 6.446788787841797e+001 -1.209593582153320e+002 
3.572657775878906e+001 6.415265655517578e+001 -1.210120697021484e+002 
3.584322357177734e+001 6.320197296142578e+001 -1.211797180175781e+002 
3.584887695312500e+001 6.313895797729492e+001 -1.212051239013672e+002 
3.586661529541016e+001 6.293646240234375e+001 -1.212896804809570e+002 
3.588836669921875e+001 6.271407318115234e+001 -1.213669433593750e+002 
3.591689300537109e+001 6.248896789550781e+001 -1.214003677368164e+002 
3.601504516601563e+001 6.173271942138672e+001 -1.214968414306641e+002 
3.605980300903320e+001 6.122803115844727e+001 -1.217038345336914e+002 
3.606263732910156e+001 6.119435882568359e+001 -1.217187194824219e+002 
3.606263351440430e+001 6.119435882568359e+001 -1.217187271118164e+002 
3.606906127929688e+001 6.114461517333984e+001 -1.217252426147461e+002 
3.620887756347656e+001 6.011891937255859e+001 -1.218101806640625e+002 
3.627050399780273e+001 5.949325561523438e+001 -1.220245590209961e+002 
3.627318954467773e+001 5.946736907958984e+001 -1.220325088500977e+002 
3.629202651977539e+001 5.932296752929688e+001 -1.220502700805664e+002 
3.765715408325195e+001 4.642945098876953e+001 -1.229542541503906e+002 
3.640290069580078e+001 5.820621490478516e+001 -1.221909103393555e+002 
3.640966796875000e+001 5.813898849487305e+001 -1.221975173950195e+002 
3.648059082031250e+001 5.724660110473633e+001 -1.223936004638672e+002 
3.655039215087891e+001 5.654371261596680e+001 -1.224681701660156e+002 
3.657023620605469e+001 5.628899383544922e+001 -1.225264205932617e+002 
3.658382034301758e+001 5.590339660644531e+001 -1.227089385986328e+002 
3.663362121582031e+001 5.534590530395508e+001 -1.227999420166016e+002 
3.664846038818359e+001 5.521451187133789e+001 -1.228036193847656e+002 
3.668631362915039e+001 5.491184234619141e+001 -1.227910614013672e+002 
3.674822235107422e+001 5.439608001708984e+001 -1.227844696044922e+002 
3.677210617065430e+001 5.414952468872070e+001 -1.228141021728516e+002 
3.681227493286133e+001 5.384474945068359e+001 -1.227896423339844e+002 
3.682900619506836e+001 5.368956756591797e+001 -1.227984924316406e+002 
3.684737014770508e+001 5.326269531250000e+001 -1.229814758300781e+002 
3.686274719238281e+001 5.316245651245117e+001 -1.229610595703125e+002 
3.689020538330078e+001 5.308311462402344e+001 -1.228572692871094e+002 
3.694551849365234e+001 5.257934951782227e+001 -1.228803710937500e+002 
3.698887252807617e+001 5.218471145629883e+001 -1.228983459472656e+002 
3.705396270751953e+001 5.149556350708008e+001 -1.229906311035156e+002 
3.707492065429688e+001 5.130670547485352e+001 -1.229980468750000e+002 
3.707990264892578e+001 5.125796508789063e+001 -1.230024108886719e+002 
3.709235763549805e+001 5.115457534790039e+001 -1.230008392333984e+002 
3.721208190917969e+001 5.013910675048828e+001 -1.230003204345703e+002 
3.732274627685547e+001 4.915113830566406e+001 -1.230331497192383e+002 
3.733532714843750e+001 4.904634094238281e+001 -1.230317993164063e+002 
3.734939193725586e+001 4.892107391357422e+001 -1.230357818603516e+002 
3.744480895996094e+001 4.812976837158203e+001 -1.230232391357422e+002 
3.746983337402344e+001 4.792425918579102e+001 -1.230185852050781e+002 
3.759784698486328e+001 4.690940093994141e+001 -1.229701156616211e+002 
3.763306045532227e+001 4.662580490112305e+001 -1.229597930908203e+002 
3.893725585937500e+001 4.051710128784180e+001 -1.226514663696289e+002 
3.784545516967773e+001 4.553561019897461e+001 -1.229389114379883e+002 
3.786424255371094e+001 4.544530105590820e+001 -1.229387435913086e+002 
3.810791015625000e+001 4.433264923095703e+001 -1.228656845092773e+002 
3.813163757324219e+001 4.421688842773438e+001 -1.228675384521484e+002 
3.815460968017578e+001 4.411112976074219e+001 -1.228616561889648e+002 
3.828814697265625e+001 4.349783325195313e+001 -1.228259277343750e+002 
3.839194869995117e+001 4.301188659667969e+001 -1.228092498779297e+002 
3.841670989990234e+001 4.290354537963867e+001 -1.227961044311523e+002 
3.849097442626953e+001 4.255265045166016e+001 -1.227880706787109e+002 
3.871656417846680e+001 4.151483154296875e+001 -1.227297363281250e+002 
3.893704986572266e+001 4.051799392700195e+001 -1.226515808105469e+002 
3.970364761352539e+001 3.569677734375000e+001 -1.221095275878906e+002 
3.893897628784180e+001 4.050666809082031e+001 -1.226499786376953e+002 
3.896890258789063e+001 4.034323120117188e+001 -1.226101074218750e+002 
3.905989837646484e+001 3.984574127197266e+001 -1.224891357421875e+002 
3.906406021118164e+001 3.982261276245117e+001 -1.224839019775391e+002 
3.920565032958984e+001 3.891189575195313e+001 -1.223990631103516e+002 
3.929185867309570e+001 3.835059356689453e+001 -1.223525085449219e+002 
3.937939071655273e+001 3.779798889160156e+001 -1.222921447753906e+002 
3.941895294189453e+001 3.757592391967773e+001 -1.222439575195313e+002 
3.948199462890625e+001 3.720276641845703e+001 -1.221817169189453e+002 
3.951916885375977e+001 3.690853118896484e+001 -1.222011108398438e+002 
3.962959671020508e+001 3.622657775878906e+001 -1.221135101318359e+002 
3.964741897583008e+001 3.609749221801758e+001 -1.221137619018555e+002 
3.968208694458008e+001 3.585810852050781e+001 -1.221053771972656e+002 
4.024728393554688e+001 3.263717651367188e+001 -1.220471115112305e+002 
3.979287719726563e+001 3.516212081909180e+001 -1.221260147094727e+002 
4.002916336059570e+001 3.380249023437500e+001 -1.221233901977539e+002 
4.002945709228516e+001 3.380090332031250e+001 -1.221233215332031e+002 
4.002983474731445e+001 3.379848861694336e+001 -1.221235046386719e+002 
4.003013992309570e+001 3.379697036743164e+001 -1.221233139038086e+002 
4.013349151611328e+001 3.320338439941406e+001 -1.221212768554688e+002 
4.014355850219727e+001 3.315044784545898e+001 -1.221170272827148e+002 
4.014837265014648e+001 3.313082885742188e+001 -1.221103515625000e+002 
4.022158432006836e+001 3.276991653442383e+001 -1.220598297119141e+002 

