# AmiraMesh 3D ASCII 2.0


define Lines 125
nVertices 124

Parameters {
    ContentType "HxLineSet"
}

Lines { int LineIdx } @1
Vertices { float[3] Coordinates } @2

# Data section follows
@1
0 
2 
3 
4 
5 
6 
7 
8 
9 
10 
11 
12 
13 
14 
15 
16 
17 
18 
19 
20 
21 
22 
23 
24 
25 
26 
27 
28 
29 
30 
31 
32 
33 
34 
35 
36 
37 
38 
39 
40 
41 
42 
43 
44 
45 
46 
47 
48 
49 
50 
51 
52 
53 
54 
55 
56 
57 
58 
59 
60 
61 
62 
63 
64 
65 
66 
67 
68 
69 
70 
71 
72 
73 
74 
75 
76 
77 
78 
79 
80 
81 
82 
83 
84 
85 
86 
87 
88 
89 
90 
91 
92 
93 
94 
95 
96 
97 
98 
99 
100 
101 
102 
103 
104 
105 
106 
107 
108 
109 
110 
111 
112 
113 
114 
115 
116 
117 
118 
119 
120 
121 
122 
123 
1 
-1 

@2
5.355857610702515e-001 -1.852505493164063e+002 -3.314060668945313e+002 
-4.807885646820068e+000 -1.867030944824219e+002 -3.711633300781250e+002 
5.249034166336060e-001 -1.852903442382813e+002 -3.314843139648438e+002 
4.829847514629364e-001 -1.854188537597656e+002 -3.317923278808594e+002 
3.974646031856537e-001 -1.856634674072266e+002 -3.324212951660156e+002 
3.649602234363556e-001 -1.857525634765625e+002 -3.326602172851563e+002 
3.504010438919067e-001 -1.857763214111328e+002 -3.327680969238281e+002 
2.942162752151489e-001 -1.858730773925781e+002 -3.331833801269531e+002 
2.737853527069092e-001 -1.859018707275391e+002 -3.333346252441406e+002 
2.028608322143555e-001 -1.859988708496094e+002 -3.338597717285156e+002 
1.228063404560089e-001 -1.861182403564453e+002 -3.344520874023438e+002 
8.400821685791016e-002 -1.862023620605469e+002 -3.347384338378906e+002 
6.975799798965454e-002 -1.862404785156250e+002 -3.348433227539063e+002 
-7.822874188423157e-002 -1.865725555419922e+002 -3.359346923828125e+002 
-8.538463711738586e-002 -1.865890350341797e+002 -3.359874572753906e+002 
-1.157285943627358e-001 -1.866996002197266e+002 -3.362098083496094e+002 
-1.642233580350876e-001 -1.868822937011719e+002 -3.365650024414063e+002 
-1.795236468315125e-001 -1.869277801513672e+002 -3.366774902343750e+002 
-2.292350530624390e-001 -1.871195526123047e+002 -3.370414123535156e+002 
-3.053262531757355e-001 -1.873930358886719e+002 -3.375991210937500e+002 
-3.141299188137054e-001 -1.874327087402344e+002 -3.376634521484375e+002 
-3.325039148330689e-001 -1.874877014160156e+002 -3.377984619140625e+002 
-3.733167052268982e-001 -1.876639099121094e+002 -3.380966796875000e+002 
-3.924987018108368e-001 -1.877325439453125e+002 -3.382372741699219e+002 
-4.007807075977325e-001 -1.877619323730469e+002 -3.382979431152344e+002 
-4.423099756240845e-001 -1.879125366210938e+002 -3.386023254394531e+002 
-4.689925312995911e-001 -1.880018310546875e+002 -3.387981262207031e+002 
-4.719621837139130e-001 -1.880106964111328e+002 -3.388200073242188e+002 
-4.843190014362335e-001 -1.880570526123047e+002 -3.389104919433594e+002 
-6.085420250892639e-001 -1.884774475097656e+002 -3.398218078613281e+002 
-6.619004607200623e-001 -1.886635437011719e+002 -3.402131958007813e+002 
-7.105934023857117e-001 -1.888146820068359e+002 -3.405708618164063e+002 
-7.541514635086060e-001 -1.889418029785156e+002 -3.408911743164063e+002 
-7.736046910285950e-001 -1.890037231445313e+002 -3.410339660644531e+002 
-8.190934658050537e-001 -1.891547241210938e+002 -3.413678588867188e+002 
-8.728719353675842e-001 -1.893103790283203e+002 -3.417633056640625e+002 
-9.465763568878174e-001 -1.895045471191406e+002 -3.423059082031250e+002 
-9.846058487892151e-001 -1.895742950439453e+002 -3.425868530273438e+002 
-1.037961602210999e+000 -1.897212829589844e+002 -3.429794616699219e+002 
-1.084286689758301e+000 -1.898270721435547e+002 -3.433209228515625e+002 
-1.114553928375244e+000 -1.898670654296875e+002 -3.435451965332031e+002 
-1.141613125801086e+000 -1.898947753906250e+002 -3.437460937500000e+002 
-1.150533914566040e+000 -1.899200286865234e+002 -3.438115234375000e+002 
-1.176213741302490e+000 -1.899541625976563e+002 -3.440016174316406e+002 
-1.201901674270630e+000 -1.900010528564453e+002 -3.441915283203125e+002 
-1.251481890678406e+000 -1.900779724121094e+002 -3.445581665039063e+002 
-1.281659603118897e+000 -1.901026458740234e+002 -3.447822265625000e+002 
-1.311163187026978e+000 -1.901549530029297e+002 -3.450001831054688e+002 
-1.347602486610413e+000 -1.901879882812500e+002 -3.452705993652344e+002 
-1.429562568664551e+000 -1.902590942382813e+002 -3.458787231445313e+002 
-1.462830543518066e+000 -1.902856445312500e+002 -3.461256713867188e+002 
-1.546553969383240e+000 -1.903071899414063e+002 -3.467486877441406e+002 
-1.582043528556824e+000 -1.903258514404297e+002 -3.470124511718750e+002 
-1.687211513519287e+000 -1.903586273193359e+002 -3.477947998046875e+002 
-1.695847749710083e+000 -1.903591156005859e+002 -3.478590698242188e+002 
-1.707492351531982e+000 -1.903568725585938e+002 -3.479458923339844e+002 
-1.767544031143189e+000 -1.903181762695313e+002 -3.483945007324219e+002 
-1.827046751976013e+000 -1.903511199951172e+002 -3.488366394042969e+002 
-1.837358474731445e+000 -1.903517608642578e+002 -3.489135437011719e+002 
-1.873345255851746e+000 -1.903387756347656e+002 -3.491820068359375e+002 
-1.898142337799072e+000 -1.903251953125000e+002 -3.493672485351563e+002 
-1.900741338729858e+000 -1.903225708007813e+002 -3.493866577148438e+002 
-1.905793309211731e+000 -1.903212890625000e+002 -3.494242553710938e+002 
-1.972110986709595e+000 -1.902758789062500e+002 -3.499198303222656e+002 
-2.075569629669190e+000 -1.902035522460938e+002 -3.506929931640625e+002 
-2.075786352157593e+000 -1.902033538818359e+002 -3.506945800781250e+002 
-2.076100111007690e+000 -1.902031097412109e+002 -3.506968688964844e+002 
-2.163796901702881e+000 -1.901381530761719e+002 -3.513524169921875e+002 
-2.225327014923096e+000 -1.900927734375000e+002 -3.518122558593750e+002 
-2.293546199798584e+000 -1.900525817871094e+002 -3.523217773437500e+002 
-2.330924987792969e+000 -1.900137329101563e+002 -3.526014404296875e+002 
-2.376428365707398e+000 -1.899721527099609e+002 -3.529418640136719e+002 
-2.395308017730713e+000 -1.899670104980469e+002 -3.530826416015625e+002 
-2.475058078765869e+000 -1.898919525146484e+002 -3.536797180175781e+002 
-2.480717658996582e+000 -1.898823242187500e+002 -3.537217407226563e+002 
-2.552235603332520e+000 -1.898294830322266e+002 -3.542562866210938e+002 
-2.567197084426880e+000 -1.898204193115234e+002 -3.543680114746094e+002 
-2.621352434158325e+000 -1.897553710937500e+002 -3.547736206054688e+002 
-2.662532329559326e+000 -1.897069702148438e+002 -3.550819702148438e+002 
-2.666178226470947e+000 -1.897044982910156e+002 -3.551092529296875e+002 
-2.684896469116211e+000 -1.896865844726563e+002 -3.552492980957031e+002 
-2.746547937393189e+000 -1.896339263916016e+002 -3.557102661132813e+002 
-2.777147769927979e+000 -1.896083679199219e+002 -3.559391174316406e+002 
-2.828975677490234e+000 -1.895735931396484e+002 -3.563262939453125e+002 
-2.873796224594116e+000 -1.895440673828125e+002 -3.566615295410156e+002 
-2.878891468048096e+000 -1.895420227050781e+002 -3.566992187500000e+002 
-2.981249809265137e+000 -1.894393310546875e+002 -3.574650878906250e+002 
-3.023317813873291e+000 -1.893807067871094e+002 -3.577804260253906e+002 
-3.092839717864990e+000 -1.893298645019531e+002 -3.582999877929688e+002 
-3.106974601745606e+000 -1.893148498535156e+002 -3.584058532714844e+002 
-3.180382013320923e+000 -1.892238616943359e+002 -3.589556579589844e+002 
-3.233221054077148e+000 -1.891893615722656e+002 -3.593504943847656e+002 
-3.253609180450440e+000 -1.891618957519531e+002 -3.595033264160156e+002 
-3.304257392883301e+000 -1.891106262207031e+002 -3.598822326660156e+002 
-3.355869770050049e+000 -1.890544738769531e+002 -3.602686462402344e+002 
-3.392015457153320e+000 -1.890328369140625e+002 -3.605385742187500e+002 
-3.445219993591309e+000 -1.889913940429688e+002 -3.609363098144531e+002 
-3.519212484359741e+000 -1.889266357421875e+002 -3.614896240234375e+002 
-3.561845302581787e+000 -1.888707733154297e+002 -3.618090820312500e+002 
-3.648564100265503e+000 -1.887435607910156e+002 -3.624593505859375e+002 
-3.690603256225586e+000 -1.886776580810547e+002 -3.627746582031250e+002 
-3.729260921478272e+000 -1.886173553466797e+002 -3.630646362304688e+002 
-3.786932468414307e+000 -1.885233459472656e+002 -3.634975585937500e+002 
-3.822568893432617e+000 -1.884481964111328e+002 -3.637653503417969e+002 
-3.878786325454712e+000 -1.883508148193359e+002 -3.641873474121094e+002 
-3.938090324401856e+000 -1.882296905517578e+002 -3.646331481933594e+002 
-3.973273754119873e+000 -1.881643524169922e+002 -3.648974304199219e+002 
-4.020790100097656e+000 -1.880652618408203e+002 -3.652547607421875e+002 
-4.108655452728272e+000 -1.879474487304688e+002 -3.659131774902344e+002 
-4.114524841308594e+000 -1.879390716552734e+002 -3.659571838378906e+002 
-4.215059280395508e+000 -1.877463684082031e+002 -3.667125244140625e+002 
-4.302609920501709e+000 -1.876071319580078e+002 -3.673693237304688e+002 
-4.315162181854248e+000 -1.875825042724609e+002 -3.674636535644531e+002 
-4.340928077697754e+000 -1.875296325683594e+002 -3.676573486328125e+002 
-4.425663948059082e+000 -1.873457641601563e+002 -3.682945861816406e+002 
-4.449475288391113e+000 -1.872913818359375e+002 -3.684737548828125e+002 
-4.492251396179199e+000 -1.871822967529297e+002 -3.687961425781250e+002 
-4.513006210327148e+000 -1.871331939697266e+002 -3.689523925781250e+002 
-4.589936733245850e+000 -1.870018005371094e+002 -3.695298156738281e+002 
-4.638166904449463e+000 -1.869238586425781e+002 -3.698916625976563e+002 
-4.697783946990967e+000 -1.868526153564453e+002 -3.703381958007813e+002 
-4.706862449645996e+000 -1.868420257568359e+002 -3.704061584472656e+002 
-4.719382286071777e+000 -1.868245239257813e+002 -3.704999694824219e+002 
-4.744301795959473e+000 -1.867878417968750e+002 -3.706868896484375e+002 

