# AmiraMesh 3D ASCII 2.0


define Lines 185
nVertices 184

Parameters {
    ContentType "HxLineSet"
}

Lines { int LineIdx } @1
Vertices { float[3] Coordinates } @2

# Data section follows
@1
0 
2 
3 
4 
5 
6 
7 
8 
9 
10 
11 
12 
13 
14 
15 
16 
17 
18 
19 
20 
21 
22 
23 
24 
25 
26 
27 
28 
29 
30 
31 
32 
33 
34 
35 
36 
37 
38 
39 
40 
41 
42 
43 
44 
45 
46 
47 
48 
49 
50 
51 
52 
53 
54 
55 
56 
57 
58 
59 
60 
61 
62 
63 
64 
65 
66 
67 
68 
69 
70 
71 
72 
73 
74 
75 
76 
77 
78 
79 
80 
81 
82 
83 
84 
85 
86 
87 
88 
89 
90 
91 
92 
93 
94 
95 
96 
97 
98 
99 
100 
101 
102 
103 
104 
105 
106 
107 
108 
109 
110 
111 
112 
113 
114 
115 
116 
117 
118 
119 
120 
121 
122 
123 
124 
125 
126 
127 
128 
129 
130 
131 
132 
133 
134 
135 
136 
137 
138 
139 
140 
141 
142 
143 
144 
145 
146 
147 
148 
149 
150 
151 
152 
153 
154 
155 
156 
157 
158 
159 
160 
161 
162 
163 
164 
165 
166 
167 
168 
169 
170 
171 
172 
173 
174 
175 
176 
177 
178 
179 
180 
181 
182 
183 
1 
-1 

@2
-8.915240168571472e-001 -2.090580596923828e+002 -5.080971908569336e+001 
-8.557534217834473e-001 -2.223264617919922e+002 -1.016975936889648e+002 
-8.891733884811401e-001 -2.090686035156250e+002 -5.081611251831055e+001 
-8.871795535087585e-001 -2.090814514160156e+002 -5.083639526367188e+001 
-8.612725138664246e-001 -2.092245178222656e+002 -5.100952911376953e+001 
-8.260288238525391e-001 -2.093962097167969e+002 -5.115573883056641e+001 
-7.969951033592224e-001 -2.095350799560547e+002 -5.126667022705078e+001 
-7.767544984817505e-001 -2.096465454101563e+002 -5.140047454833984e+001 
-7.110739946365356e-001 -2.099602050781250e+002 -5.164896774291992e+001 
-6.518580913543701e-001 -2.102464294433594e+002 -5.188629531860352e+001 
-6.512724161148071e-001 -2.102514343261719e+002 -5.189707946777344e+001 
-6.459268331527710e-001 -2.102786712646484e+002 -5.192397308349609e+001 
-5.814251303672791e-001 -2.105921936035156e+002 -5.218888854980469e+001 
-5.587257146835327e-001 -2.107115173339844e+002 -5.231710815429688e+001 
-5.402520895004273e-001 -2.108059234619141e+002 -5.241123962402344e+001 
-4.753161668777466e-001 -2.111240844726563e+002 -5.268813705444336e+001 
-4.552229046821594e-001 -2.112175598144531e+002 -5.275452804565430e+001 
-4.050764143466950e-001 -2.114700317382813e+002 -5.299455261230469e+001 
-3.838088214397430e-001 -2.115736389160156e+002 -5.308308410644531e+001 
-3.808047175407410e-001 -2.115894317626953e+002 -5.309976196289063e+001 
-3.782234787940979e-001 -2.116017456054688e+002 -5.310968399047852e+001 
-3.586466312408447e-001 -2.117103271484375e+002 -5.324218368530273e+001 
-3.301928043365479e-001 -2.118623657226563e+002 -5.341256332397461e+001 
-3.234612047672272e-001 -2.118935394287109e+002 -5.343420028686523e+001 
-2.180141061544418e-001 -2.123885040283203e+002 -5.379965209960938e+001 
-2.121779322624207e-001 -2.124216613769531e+002 -5.384180450439453e+001 
-1.985332816839218e-001 -2.124896850585938e+002 -5.390482711791992e+001 
-1.822787672281265e-001 -2.125814819335938e+002 -5.402135467529297e+001 
-1.501683890819550e-001 -2.127286071777344e+002 -5.411862945556641e+001 
-1.245464682579041e-001 -2.128510131835938e+002 -5.421585083007813e+001 
-1.000004261732101e-001 -2.129915466308594e+002 -5.439899826049805e+001 
-8.391834050416946e-002 -2.130683746337891e+002 -5.446006774902344e+001 
-1.676589250564575e-003 -2.134588623046875e+002 -5.476234054565430e+001 
4.450264573097229e-002 -2.136899719238281e+002 -5.497811889648438e+001 
1.008871197700501e-001 -2.139574279785156e+002 -5.518441009521484e+001 
1.158780306577683e-001 -2.140435485839844e+002 -5.529750823974609e+001 
1.378124207258225e-001 -2.141529235839844e+002 -5.539854431152344e+001 
2.152147889137268e-001 -2.144921264648438e+002 -5.557305908203125e+001 
2.363518476486206e-001 -2.145870666503906e+002 -5.562982559204102e+001 
2.404367029666901e-001 -2.146085357666016e+002 -5.565289306640625e+001 
3.119549453258514e-001 -2.149886627197266e+002 -5.607312011718750e+001 
3.551940321922302e-001 -2.151880493164063e+002 -5.620901489257813e+001 
3.632028102874756e-001 -2.152337188720703e+002 -5.626776123046875e+001 
3.774887025356293e-001 -2.153203430175781e+002 -5.639353942871094e+001 
4.315329492092133e-001 -2.155721740722656e+002 -5.657367324829102e+001 
4.447026550769806e-001 -2.156322937011719e+002 -5.661274719238281e+001 
4.547839164733887e-001 -2.156842041015625e+002 -5.666539382934570e+001 
4.954716265201569e-001 -2.158865814208984e+002 -5.685065841674805e+001 
5.545572638511658e-001 -2.161893310546875e+002 -5.715386199951172e+001 
5.705727934837341e-001 -2.162789611816406e+002 -5.726548004150391e+001 
5.804483890533447e-001 -2.163497619628906e+002 -5.739448547363281e+001 
6.096992492675781e-001 -2.164948425292969e+002 -5.752595520019531e+001 
6.308762431144714e-001 -2.165964202880859e+002 -5.760783767700195e+001 
7.198048830032349e-001 -2.170730895996094e+002 -5.814574050903320e+001 
7.275440096855164e-001 -2.171155853271484e+002 -5.819644927978516e+001 
7.481807470321655e-001 -2.172463226318359e+002 -5.839939880371094e+001 
7.565287351608276e-001 -2.172873840332031e+002 -5.843549346923828e+001 
7.919352650642395e-001 -2.174691467285156e+002 -5.861851119995117e+001 
8.384549021720886e-001 -2.177175598144531e+002 -5.889623260498047e+001 
8.857350945472717e-001 -2.179838714599609e+002 -5.923213958740234e+001 
8.999552130699158e-001 -2.180707702636719e+002 -5.935958862304688e+001 
9.271575808525085e-001 -2.182171783447266e+002 -5.952632904052734e+001 
9.451099634170532e-001 -2.183085632324219e+002 -5.961607742309570e+001 
1.014661312103272e+000 -2.186891021728516e+002 -6.006687164306641e+001 
1.037883996963501e+000 -2.188234252929688e+002 -6.024543762207031e+001 
1.059983968734741e+000 -2.189567260742188e+002 -6.043658828735352e+001 
1.068658828735352e+000 -2.190034027099609e+002 -6.048978805541992e+001 
1.110172748565674e+000 -2.192355804443359e+002 -6.077830505371094e+001 
1.166413426399231e+000 -2.195689239501953e+002 -6.124195861816406e+001 
1.177747130393982e+000 -2.196340484619141e+002 -6.132751464843750e+001 
1.181154370307922e+000 -2.196568145751953e+002 -6.136559295654297e+001 
1.194352507591248e+000 -2.197265319824219e+002 -6.144141387939453e+001 
1.219133138656616e+000 -2.198630218505859e+002 -6.160551834106445e+001 
1.226290822029114e+000 -2.199075012207031e+002 -6.167247009277344e+001 
1.256029963493347e+000 -2.200903320312500e+002 -6.194306182861328e+001 
1.274278879165649e+000 -2.202071533203125e+002 -6.212709045410156e+001 
1.308230161666870e+000 -2.204146423339844e+002 -6.243132781982422e+001 
1.320178508758545e+000 -2.204821624755859e+002 -6.251710510253906e+001 
1.347133040428162e+000 -2.206679077148438e+002 -6.283985137939453e+001 
1.368130445480347e+000 -2.207840576171875e+002 -6.298086929321289e+001 
1.382033348083496e+000 -2.208887329101563e+002 -6.318188476562500e+001 
1.397739410400391e+000 -2.209958343505859e+002 -6.336572265625000e+001 
1.438343763351440e+000 -2.212667846679688e+002 -6.381780624389648e+001 
1.511405229568481e+000 -2.217563323974609e+002 -6.463916778564453e+001 
1.511505126953125e+000 -2.217570648193359e+002 -6.464046478271484e+001 
1.511667013168335e+000 -2.217581329345703e+002 -6.464218902587891e+001 
1.512133240699768e+000 -2.217615966796875e+002 -6.464880371093750e+001 
1.559114456176758e+000 -2.221256408691406e+002 -6.536787414550781e+001 
1.592787504196167e+000 -2.223896179199219e+002 -6.589503479003906e+001 
1.603463172912598e+000 -2.224844360351563e+002 -6.610529327392578e+001 
1.609946727752686e+000 -2.225378723144531e+002 -6.621690368652344e+001 
1.643948912620544e+000 -2.228121795654297e+002 -6.677916717529297e+001 
1.647847533226013e+000 -2.228509674072266e+002 -6.687208557128906e+001 
1.661214113235474e+000 -2.230158691406250e+002 -6.731434631347656e+001 
1.664063215255737e+000 -2.230599365234375e+002 -6.744309234619141e+001 
1.669367194175720e+000 -2.231021423339844e+002 -6.752867126464844e+001 
1.676144719123840e+000 -2.231856842041016e+002 -6.775254821777344e+001 
1.696976661682129e+000 -2.234807281494141e+002 -6.858917236328125e+001 
1.698735952377319e+000 -2.235032196044922e+002 -6.865029144287109e+001 
1.699492692947388e+000 -2.236146392822266e+002 -6.907100677490234e+001 
1.712984681129456e+000 -2.238112792968750e+002 -6.963430023193359e+001 
1.712962150573731e+000 -2.238128356933594e+002 -6.964067077636719e+001 
1.713072061538696e+000 -2.238144836425781e+002 -6.964550781250000e+001 
1.706972002983093e+000 -2.239468841552734e+002 -7.024836730957031e+001 
1.707131028175354e+000 -2.239523773193359e+002 -7.026737976074219e+001 
1.716910839080811e+000 -2.240753784179688e+002 -7.059985351562500e+001 
1.716342926025391e+000 -2.241037597656250e+002 -7.071823120117188e+001 
1.703201174736023e+000 -2.242294158935547e+002 -7.139867401123047e+001 
1.698464512825012e+000 -2.242749633789063e+002 -7.164491271972656e+001 
1.684752464294434e+000 -2.243979949951172e+002 -7.232342529296875e+001 
1.684093356132507e+000 -2.244585723876953e+002 -7.256777191162109e+001 
1.677779912948608e+000 -2.244750823974609e+002 -7.272473144531250e+001 
1.663350820541382e+000 -2.245613708496094e+002 -7.327155303955078e+001 
1.662460088729858e+000 -2.246279907226563e+002 -7.354287719726563e+001 
1.657928466796875e+000 -2.247497558593750e+002 -7.408139801025391e+001 
1.655528068542481e+000 -2.247915649414063e+002 -7.427871704101563e+001 
1.653104424476624e+000 -2.248054351806641e+002 -7.436814117431641e+001 
1.651868581771851e+000 -2.248580932617188e+002 -7.459043884277344e+001 
1.644211649894714e+000 -2.248820800781250e+002 -7.479616546630859e+001 
1.636207103729248e+000 -2.249289398193359e+002 -7.509557342529297e+001 
1.612736225128174e+000 -2.250148315429688e+002 -7.577391052246094e+001 
1.592388153076172e+000 -2.251225585937500e+002 -7.649098205566406e+001 
1.579721450805664e+000 -2.251629638671875e+002 -7.683401489257813e+001 
1.559313774108887e+000 -2.252104797363281e+002 -7.731843566894531e+001 
1.559317469596863e+000 -2.252104797363281e+002 -7.731843566894531e+001 
1.555878162384033e+000 -2.252318878173828e+002 -7.745209503173828e+001 
1.550345420837402e+000 -2.252789764404297e+002 -7.771601104736328e+001 
1.548287630081177e+000 -2.252828063964844e+002 -7.776114654541016e+001 
1.544631361961365e+000 -2.252876739501953e+002 -7.783380126953125e+001 
1.489833116531372e+000 -2.253335266113281e+002 -7.881819152832031e+001 
1.489832639694214e+000 -2.253335266113281e+002 -7.881819152832031e+001 
1.415663838386536e+000 -2.253595733642578e+002 -8.001106262207031e+001 
1.406981110572815e+000 -2.253623046875000e+002 -8.014949035644531e+001 
1.354799985885620e+000 -2.254291992187500e+002 -8.117687988281250e+001 
1.323504805564880e+000 -2.254335174560547e+002 -8.165435028076172e+001 
1.265564203262329e+000 -2.254500122070313e+002 -8.257127380371094e+001 
1.232070803642273e+000 -2.254577178955078e+002 -8.309422302246094e+001 
1.181619644165039e+000 -2.254487304687500e+002 -8.380215454101563e+001 
1.079345107078552e+000 -2.254592742919922e+002 -8.534867858886719e+001 
1.038509964942932e+000 -2.254618835449219e+002 -8.595991516113281e+001 
1.027941346168518e+000 -2.254647369384766e+002 -8.612652587890625e+001 
9.945523738861084e-001 -2.254716186523438e+002 -8.664480590820313e+001 
9.860761165618897e-001 -2.254697113037109e+002 -8.676220703125000e+001 
8.871688842773438e-001 -2.254179687500000e+002 -8.801792907714844e+001 
8.502302169799805e-001 -2.253908843994141e+002 -8.845670318603516e+001 
8.279069066047669e-001 -2.253799438476563e+002 -8.874298095703125e+001 
7.910875082015991e-001 -2.253713378906250e+002 -8.925173950195313e+001 
7.705447077751160e-001 -2.253526916503906e+002 -8.948182678222656e+001 
7.597981691360474e-001 -2.253410034179688e+002 -8.959469604492188e+001 
7.145003676414490e-001 -2.253387145996094e+002 -9.025273132324219e+001 
6.909706592559815e-001 -2.253243408203125e+002 -9.054347229003906e+001 
6.501271724700928e-001 -2.253209075927734e+002 -9.113138580322266e+001 
6.332418918609619e-001 -2.253082580566406e+002 -9.133096313476563e+001 
5.883944630622864e-001 -2.252432861328125e+002 -9.173950195312500e+001 
5.531787276268005e-001 -2.252409515380859e+002 -9.224882507324219e+001 
5.147987604141235e-001 -2.252200927734375e+002 -9.273309326171875e+001 
4.620446562767029e-001 -2.251685180664063e+002 -9.330986785888672e+001 
4.383601844310761e-001 -2.251394805908203e+002 -9.354602050781250e+001 
4.310147166252136e-001 -2.251357879638672e+002 -9.363985443115234e+001 
4.096546173095703e-001 -2.251152191162109e+002 -9.387461853027344e+001 
3.551023900508881e-001 -2.250488891601563e+002 -9.442070770263672e+001 
3.307717442512512e-001 -2.250191955566406e+002 -9.466384887695313e+001 
2.820164561271668e-001 -2.249430389404297e+002 -9.508655548095703e+001 
1.806713491678238e-001 -2.247737426757813e+002 -9.592250061035156e+001 
1.518049091100693e-001 -2.247250823974609e+002 -9.615887451171875e+001 
1.016774401068687e-001 -2.246392822265625e+002 -9.656437683105469e+001 
6.912545859813690e-002 -2.245790405273438e+002 -9.681018066406250e+001 
2.994516491889954e-002 -2.244954833984375e+002 -9.706323242187500e+001 
-5.129101872444153e-002 -2.243273925781250e+002 -9.760794067382813e+001 
-9.314085543155670e-002 -2.242328948974609e+002 -9.785786437988281e+001 
-1.093778014183044e-001 -2.241976623535156e+002 -9.796028137207031e+001 
-1.963180601596832e-001 -2.240122222900391e+002 -9.852172088623047e+001 
-2.062977105379105e-001 -2.239882049560547e+002 -9.857544708251953e+001 
-2.930441498756409e-001 -2.237616577148438e+002 -9.897468566894531e+001 
-3.323626518249512e-001 -2.236676025390625e+002 -9.918911743164063e+001 
-3.877068758010864e-001 -2.235397949218750e+002 -9.950874328613281e+001 
-4.600927233695984e-001 -2.233628540039063e+002 -9.988866424560547e+001 
-5.142549276351929e-001 -2.232194824218750e+002 -1.001303634643555e+002 
-5.524432063102722e-001 -2.231217346191406e+002 -1.003139953613281e+002 
-6.536624431610107e-001 -2.228592834472656e+002 -1.007871322631836e+002 
-7.092664837837219e-001 -2.227133331298828e+002 -1.010401763916016e+002 
-7.163650989532471e-001 -2.226944580078125e+002 -1.010716247558594e+002 
-7.244385480880737e-001 -2.226753082275391e+002 -1.011162185668945e+002 
-7.560673952102661e-001 -2.225946655273438e+002 -1.012693023681641e+002 

