# AmiraMesh 3D ASCII 2.0


define Lines 186
nVertices 185

Parameters {
    ContentType "HxLineSet"
}

Lines { int LineIdx } @1
Vertices { float[3] Coordinates } @2

# Data section follows
@1
0 
2 
3 
4 
5 
6 
7 
8 
9 
10 
11 
12 
13 
14 
15 
16 
17 
18 
19 
20 
21 
22 
23 
24 
25 
26 
27 
28 
29 
30 
31 
32 
33 
34 
35 
36 
37 
38 
39 
40 
41 
42 
43 
44 
45 
46 
47 
48 
49 
50 
51 
52 
53 
54 
55 
56 
57 
58 
59 
60 
61 
62 
63 
64 
65 
66 
67 
68 
69 
70 
71 
72 
73 
74 
75 
76 
77 
78 
79 
80 
81 
82 
83 
84 
85 
86 
87 
88 
89 
90 
91 
92 
93 
94 
95 
96 
97 
98 
99 
100 
101 
102 
103 
104 
105 
106 
107 
108 
109 
110 
111 
112 
113 
114 
115 
116 
117 
118 
119 
120 
121 
122 
123 
124 
125 
126 
127 
128 
129 
130 
131 
132 
133 
134 
135 
136 
137 
138 
139 
140 
141 
142 
143 
144 
145 
146 
147 
148 
149 
150 
151 
152 
153 
154 
155 
156 
157 
158 
159 
160 
161 
162 
163 
164 
165 
166 
167 
168 
169 
170 
171 
172 
173 
174 
175 
176 
177 
178 
179 
180 
181 
182 
183 
184 
1 
-1 

@2
-5.932480096817017e-001 -2.038402404785156e+002 -3.273923873901367e+001 
-4.754910469055176e-001 -2.188728332519531e+002 -8.053140258789063e+001 
-5.942131280899048e-001 -2.038591308593750e+002 -3.275850677490234e+001 
-6.014161109924316e-001 -2.040138854980469e+002 -3.294507598876953e+001 
-6.130532622337341e-001 -2.042347259521484e+002 -3.316145324707031e+001 
-6.217325925827026e-001 -2.043842468261719e+002 -3.327917480468750e+001 
-6.339970231056213e-001 -2.046285400390625e+002 -3.354074096679688e+001 
-6.515246629714966e-001 -2.049676361083984e+002 -3.388558197021484e+001 
-6.613555550575256e-001 -2.051583709716797e+002 -3.408066558837891e+001 
-6.730355620384216e-001 -2.053383331298828e+002 -3.417728424072266e+001 
-6.898658275604248e-001 -2.055963134765625e+002 -3.431245040893555e+001 
-6.921167373657227e-001 -2.056512145996094e+002 -3.438948059082031e+001 
-6.983826160430908e-001 -2.057758941650391e+002 -3.452243804931641e+001 
-7.113000750541687e-001 -2.059954071044922e+002 -3.468902587890625e+001 
-7.147623300552368e-001 -2.060585174560547e+002 -3.474595260620117e+001 
-7.198511958122253e-001 -2.061606140136719e+002 -3.485685729980469e+001 
-7.205992937088013e-001 -2.061752014160156e+002 -3.487073516845703e+001 
-7.208875417709351e-001 -2.061799774169922e+002 -3.487553024291992e+001 
-7.210881710052490e-001 -2.061844177246094e+002 -3.487994384765625e+001 
-7.395789623260498e-001 -2.064952850341797e+002 -3.510927581787109e+001 
-7.573457956314087e-001 -2.067715759277344e+002 -3.526241302490234e+001 
-7.622888684272766e-001 -2.068483123779297e+002 -3.530501174926758e+001 
-7.645081281661987e-001 -2.068942871093750e+002 -3.535850524902344e+001 
-7.721998095512390e-001 -2.070420684814453e+002 -3.550637054443359e+001 
-7.787303328514099e-001 -2.071507873535156e+002 -3.558367156982422e+001 
-7.926609516143799e-001 -2.073656005859375e+002 -3.569981384277344e+001 
-8.027948141098023e-001 -2.075506439208984e+002 -3.586732482910156e+001 
-8.069666624069214e-001 -2.076216735839844e+002 -3.592121505737305e+001 
-8.168448209762573e-001 -2.077802734375000e+002 -3.602159118652344e+001 
-8.456823229789734e-001 -2.082350006103516e+002 -3.629086303710938e+001 
-8.517851829528809e-001 -2.083540344238281e+002 -3.641318893432617e+001 
-8.569053411483765e-001 -2.084478454589844e+002 -3.649901199340820e+001 
-8.726967573165894e-001 -2.086948699951172e+002 -3.664006805419922e+001 
-8.793119788169861e-001 -2.087982788085938e+002 -3.669912719726563e+001 
-8.820765614509583e-001 -2.088516235351563e+002 -3.675381088256836e+001 
-8.982956409454346e-001 -2.091202392578125e+002 -3.694140625000000e+001 
-9.051247835159302e-001 -2.092224884033203e+002 -3.698939514160156e+001 
-9.362896680831909e-001 -2.097031555175781e+002 -3.724861145019531e+001 
-9.453521370887756e-001 -2.098641662597656e+002 -3.738533401489258e+001 
-9.541065692901611e-001 -2.100158996582031e+002 -3.750625610351563e+001 
-9.615260362625122e-001 -2.101333770751953e+002 -3.757774353027344e+001 
-9.738374352455139e-001 -2.103315124511719e+002 -3.770343017578125e+001 
-9.785788655281067e-001 -2.104311370849609e+002 -3.781958770751953e+001 
-9.820069074630737e-001 -2.104988403320313e+002 -3.789087677001953e+001 
-9.926464557647705e-001 -2.106649627685547e+002 -3.798539733886719e+001 
-1.012604832649231e+000 -2.109733886718750e+002 -3.815306091308594e+001 
-1.018233656883240e+000 -2.110704040527344e+002 -3.822937774658203e+001 
-1.018852233886719e+000 -2.110934448242188e+002 -3.827374649047852e+001 
-1.040330410003662e+000 -2.114883880615234e+002 -3.863632965087891e+001 
-1.045428276062012e+000 -2.115714416503906e+002 -3.869147491455078e+001 
-1.049669981002808e+000 -2.116697998046875e+002 -3.882272338867188e+001 
-1.053000092506409e+000 -2.117405700683594e+002 -3.890630722045898e+001 
-1.061050891876221e+000 -2.118752746582031e+002 -3.900392532348633e+001 
-1.072800278663635e+000 -2.120760498046875e+002 -3.915839385986328e+001 
-1.077091097831726e+000 -2.121556091308594e+002 -3.923268127441406e+001 
-1.092034220695496e+000 -2.124517211914063e+002 -3.954692840576172e+001 
-1.097297310829163e+000 -2.125619201660156e+002 -3.967485046386719e+001 
-1.099375247955322e+000 -2.126143035888672e+002 -3.975091934204102e+001 
-1.103119730949402e+000 -2.127072906494141e+002 -3.988345336914063e+001 
-1.120946407318115e+000 -2.130376586914063e+002 -4.019251632690430e+001 
-1.123010993003845e+000 -2.130767059326172e+002 -4.023078155517578e+001 
-1.124677896499634e+000 -2.131147003173828e+002 -4.028045272827148e+001 
-1.132340431213379e+000 -2.132943878173828e+002 -4.052194976806641e+001 
-1.143060684204102e+000 -2.135581054687500e+002 -4.089627456665039e+001 
-1.146448373794556e+000 -2.136227111816406e+002 -4.095943832397461e+001 
-1.155743122100830e+000 -2.137933044433594e+002 -4.111597061157227e+001 
-1.158479332923889e+000 -2.138816528320313e+002 -4.127202224731445e+001 
-1.165019631385803e+000 -2.140358276367188e+002 -4.148105239868164e+001 
-1.171732902526856e+000 -2.142151336669922e+002 -4.175613403320313e+001 
-1.174146175384522e+000 -2.142913208007813e+002 -4.188911056518555e+001 
-1.179748654365540e+000 -2.144102630615234e+002 -4.202935028076172e+001 
-1.183022975921631e+000 -2.144837341308594e+002 -4.212361145019531e+001 
-1.186906814575195e+000 -2.145942687988281e+002 -4.230251312255859e+001 
-1.190068125724793e+000 -2.147046813964844e+002 -4.250720977783203e+001 
-1.198981404304504e+000 -2.149767456054688e+002 -4.297087860107422e+001 
-1.202104210853577e+000 -2.150496826171875e+002 -4.306880569458008e+001 
-1.212237358093262e+000 -2.153152160644531e+002 -4.346896362304688e+001 
-1.213110327720642e+000 -2.153407897949219e+002 -4.351151275634766e+001 
-1.214923501014710e+000 -2.153988800048828e+002 -4.361369705200195e+001 
-1.221723914146423e+000 -2.156534729003906e+002 -4.410371398925781e+001 
-1.227109432220459e+000 -2.158574829101563e+002 -4.449856567382813e+001 
-1.230270266532898e+000 -2.159909057617188e+002 -4.476998519897461e+001 
-1.235247492790222e+000 -2.162141571044922e+002 -4.523539733886719e+001 
-1.238693475723267e+000 -2.163749694824219e+002 -4.557576751708984e+001 
-1.240661621093750e+000 -2.164996032714844e+002 -4.586505126953125e+001 
-1.243325471878052e+000 -2.166202545166016e+002 -4.611746215820313e+001 
-1.245180606842041e+000 -2.167750854492188e+002 -4.649814987182617e+001 
-1.247110366821289e+000 -2.168882446289063e+002 -4.675574493408203e+001 
-1.249559640884399e+000 -2.169966125488281e+002 -4.698040008544922e+001 
-1.251969337463379e+000 -2.171426391601563e+002 -4.731561660766602e+001 
-1.253922939300537e+000 -2.172750244140625e+002 -4.762788009643555e+001 
-1.259787082672119e+000 -2.175498809814453e+002 -4.821039199829102e+001 
-1.259960770606995e+000 -2.175604705810547e+002 -4.823497009277344e+001 
-1.259933590888977e+000 -2.175672912597656e+002 -4.825553131103516e+001 
-1.260668277740479e+000 -2.177672119140625e+002 -4.880751037597656e+001 
-1.260915875434876e+000 -2.177907867431641e+002 -4.886670303344727e+001 
-1.261837840080261e+000 -2.180798034667969e+002 -4.966970825195313e+001 
-1.264070630073547e+000 -2.182431945800781e+002 -5.006172561645508e+001 
-1.264667153358460e+000 -2.182980346679688e+002 -5.019876861572266e+001 
-1.264115691184998e+000 -2.183276977539063e+002 -5.030469512939453e+001 
-1.260100722312927e+000 -2.184844665527344e+002 -5.090425872802734e+001 
-1.260081648826599e+000 -2.185438079833984e+002 -5.107682037353516e+001 
-1.259730815887451e+000 -2.185889739990234e+002 -5.122023010253906e+001 
-1.259320497512817e+000 -2.186159973144531e+002 -5.131342315673828e+001 
-1.255912899971008e+000 -2.186541748046875e+002 -5.154776000976563e+001 
-1.255095243453980e+000 -2.187371520996094e+002 -5.181770706176758e+001 
-1.253855943679810e+000 -2.188042755126953e+002 -5.205694961547852e+001 
-1.251674890518189e+000 -2.188660278320313e+002 -5.231489562988281e+001 
-1.247540712356567e+000 -2.189087219238281e+002 -5.258877563476563e+001 
-1.242986440658569e+000 -2.190181579589844e+002 -5.307090759277344e+001 
-1.241420865058899e+000 -2.190511474609375e+002 -5.322324371337891e+001 
-1.233737468719482e+000 -2.191893920898438e+002 -5.390261077880859e+001 
-1.232565760612488e+000 -2.192015838623047e+002 -5.398047256469727e+001 
-1.231566190719605e+000 -2.192172851562500e+002 -5.406223678588867e+001 
-1.218419671058655e+000 -2.193629150390625e+002 -5.496134948730469e+001 
-1.213285684585571e+000 -2.194144897460938e+002 -5.529713439941406e+001 
-1.208854317665100e+000 -2.194455871582031e+002 -5.554811477661133e+001 
-1.207000970840454e+000 -2.194819793701172e+002 -5.572077178955078e+001 
-1.203840136528015e+000 -2.195062561035156e+002 -5.590589523315430e+001 
-1.192953348159790e+000 -2.196343078613281e+002 -5.667203903198242e+001 
-1.190253496170044e+000 -2.196861724853516e+002 -5.692031097412109e+001 
-1.185962200164795e+000 -2.197179565429688e+002 -5.716812896728516e+001 
-1.179658174514771e+000 -2.198020019531250e+002 -5.764044952392578e+001 
-1.175270676612854e+000 -2.198512268066406e+002 -5.794229125976563e+001 
-1.170273303985596e+000 -2.198779602050781e+002 -5.820124816894531e+001 
-1.167461633682251e+000 -2.198873748779297e+002 -5.833065414428711e+001 
-1.164733886718750e+000 -2.199144744873047e+002 -5.850821685791016e+001 
-1.152155637741089e+000 -2.200214233398438e+002 -5.927458190917969e+001 
-1.149347543716431e+000 -2.200413208007813e+002 -5.943429565429688e+001 
-1.142830133438110e+000 -2.200740051269531e+002 -5.976566314697266e+001 
-1.132627487182617e+000 -2.201584167480469e+002 -6.038067245483398e+001 
-1.129962682723999e+000 -2.201805877685547e+002 -6.054158401489258e+001 
-1.124577283859253e+000 -2.202196807861328e+002 -6.085043334960938e+001 
-1.120093822479248e+000 -2.202419738769531e+002 -6.107784271240234e+001 
-1.111783981323242e+000 -2.203479614257813e+002 -6.168652725219727e+001 
-1.108980417251587e+000 -2.203801422119141e+002 -6.188159179687500e+001 
-1.107304811477661e+000 -2.203889160156250e+002 -6.196776580810547e+001 
-1.093734502792358e+000 -2.204237976074219e+002 -6.256161499023438e+001 
-1.088418245315552e+000 -2.204544372558594e+002 -6.284347534179688e+001 
-1.082422733306885e+000 -2.204655303955078e+002 -6.309336090087891e+001 
-1.070064425468445e+000 -2.204946289062500e+002 -6.362665176391602e+001 
-1.069124341011047e+000 -2.204948120117188e+002 -6.366123962402344e+001 
-1.068013191223145e+000 -2.204969329833984e+002 -6.370780944824219e+001 
-1.045763731002808e+000 -2.205328369140625e+002 -6.462001037597656e+001 
-1.043746709823608e+000 -2.205324554443359e+002 -6.469218444824219e+001 
-1.024471044540405e+000 -2.204931793212891e+002 -6.527862548828125e+001 
-1.011611342430115e+000 -2.204970397949219e+002 -6.575701904296875e+001 
-1.005115628242493e+000 -2.204911499023438e+002 -6.597599792480469e+001 
-9.907822012901306e-001 -2.204873046875000e+002 -6.648557281494141e+001 
-9.808462262153626e-001 -2.204716186523438e+002 -6.680132293701172e+001 
-9.617975354194641e-001 -2.204184265136719e+002 -6.733916473388672e+001 
-9.604343175888062e-001 -2.204154968261719e+002 -6.738011932373047e+001 
-9.599912762641907e-001 -2.204155578613281e+002 -6.739654541015625e+001 
-9.587403535842896e-001 -2.204152526855469e+002 -6.744100189208984e+001 
-9.375117421150208e-001 -2.203869781494141e+002 -6.813042449951172e+001 
-9.150974154472351e-001 -2.203736572265625e+002 -6.890589141845703e+001 
-9.075278043746948e-001 -2.203648376464844e+002 -6.915538787841797e+001 
-8.975050449371338e-001 -2.203414764404297e+002 -6.945173645019531e+001 
-8.935734629631043e-001 -2.203279876708984e+002 -6.955579376220703e+001 
-8.733087182044983e-001 -2.202468566894531e+002 -7.005707550048828e+001 
-8.521619439125061e-001 -2.201287841796875e+002 -7.048344421386719e+001 
-8.387885093688965e-001 -2.200617065429688e+002 -7.077513122558594e+001 
-8.152735233306885e-001 -2.200458679199219e+002 -7.158352661132813e+001 
-8.028788566589356e-001 -2.200111694335938e+002 -7.193341064453125e+001 
-7.902994751930237e-001 -2.199688110351563e+002 -7.226757812500000e+001 
-7.699345350265503e-001 -2.199467468261719e+002 -7.294363403320313e+001 
-7.535921931266785e-001 -2.199054870605469e+002 -7.341784667968750e+001 
-7.367494106292725e-001 -2.198829956054688e+002 -7.396470642089844e+001 
-7.237409353256226e-001 -2.198450469970703e+002 -7.432728576660156e+001 
-7.127490043640137e-001 -2.198102111816406e+002 -7.462586212158203e+001 
-7.071089744567871e-001 -2.197868652343750e+002 -7.476313781738281e+001 
-6.858855485916138e-001 -2.197297668457031e+002 -7.536880493164063e+001 
-6.777140498161316e-001 -2.197113494873047e+002 -7.561224365234375e+001 
-6.554768085479736e-001 -2.196581420898438e+002 -7.626619720458984e+001 
-6.473063826560974e-001 -2.196364135742188e+002 -7.650016021728516e+001 
-6.409541964530945e-001 -2.196211700439453e+002 -7.668674468994141e+001 
-6.233141422271729e-001 -2.195679016113281e+002 -7.717330169677734e+001 
-6.030255556106567e-001 -2.195138244628906e+002 -7.775379943847656e+001 
-5.935099720954895e-001 -2.194804077148438e+002 -7.800275421142578e+001 
-5.842890739440918e-001 -2.194433288574219e+002 -7.823041534423828e+001 
-5.747900009155273e-001 -2.193947448730469e+002 -7.843499755859375e+001 
-5.579836368560791e-001 -2.193185119628906e+002 -7.882478332519531e+001 
-5.535997152328491e-001 -2.192996826171875e+002 -7.892945861816406e+001 
-5.080652236938477e-001 -2.190128479003906e+002 -7.975329589843750e+001 
-4.967936575412750e-001 -2.189437255859375e+002 -7.996273040771484e+001 

