# AmiraMesh 3D ASCII 2.0


define Lines 198
nVertices 197

Parameters {
    ContentType "HxLineSet"
}

Lines { int LineIdx } @1
Vertices { float[3] Coordinates } @2

# Data section follows
@1
0 
2 
3 
4 
5 
6 
7 
8 
9 
10 
11 
12 
13 
14 
15 
16 
17 
18 
19 
20 
21 
22 
23 
24 
25 
26 
27 
28 
29 
30 
31 
32 
33 
34 
35 
36 
37 
38 
39 
40 
41 
42 
43 
44 
45 
46 
47 
48 
49 
50 
51 
52 
53 
54 
55 
56 
57 
58 
59 
60 
61 
62 
63 
64 
65 
66 
67 
68 
69 
70 
71 
72 
73 
74 
75 
76 
77 
78 
79 
80 
81 
82 
83 
84 
85 
86 
87 
88 
89 
90 
91 
92 
93 
94 
95 
96 
97 
98 
99 
100 
101 
102 
103 
104 
105 
106 
107 
108 
109 
110 
111 
112 
113 
114 
115 
116 
117 
118 
119 
120 
121 
122 
123 
124 
125 
126 
127 
128 
129 
130 
131 
132 
133 
134 
135 
136 
137 
138 
139 
140 
141 
142 
143 
144 
145 
146 
147 
148 
149 
150 
151 
152 
153 
154 
155 
156 
157 
158 
159 
160 
161 
162 
163 
164 
165 
166 
167 
168 
169 
170 
171 
172 
173 
174 
175 
176 
177 
178 
179 
180 
181 
182 
183 
184 
185 
186 
187 
188 
189 
190 
191 
192 
193 
194 
195 
196 
1 
-1 

@2
-2.277259826660156e-001 -2.040651092529297e+002 -3.266297607421875e+002 
1.214897751808167e+000 -2.110465087890625e+002 -3.760105895996094e+002 
-2.304457128047943e-001 -2.041796569824219e+002 -3.267569580078125e+002 
-2.482247203588486e-001 -2.045198822021484e+002 -3.268833618164063e+002 
-2.585994601249695e-001 -2.047287292480469e+002 -3.269752197265625e+002 
-2.574738264083862e-001 -2.047971954345703e+002 -3.271224060058594e+002 
-2.574719190597534e-001 -2.048292083740234e+002 -3.271777038574219e+002 
-2.630371451377869e-001 -2.049731140136719e+002 -3.272818298339844e+002 
-2.709707021713257e-001 -2.051621093750000e+002 -3.274024047851563e+002 
-2.760229706764221e-001 -2.052702789306641e+002 -3.274582519531250e+002 
-2.760353386402130e-001 -2.054100952148438e+002 -3.276990051269531e+002 
-2.759106755256653e-001 -2.054173889160156e+002 -3.277149353027344e+002 
-2.814333438873291e-001 -2.055343933105469e+002 -3.277738342285156e+002 
-2.864975929260254e-001 -2.056474456787109e+002 -3.278377685546875e+002 
-2.876488268375397e-001 -2.056817016601563e+002 -3.278666076660156e+002 
-2.900183200836182e-001 -2.057898559570313e+002 -3.279926757812500e+002 
-2.912970185279846e-001 -2.058782043457031e+002 -3.281118164062500e+002 
-2.911058068275452e-001 -2.058973999023438e+002 -3.281499328613281e+002 
-2.922513484954834e-001 -2.059494018554688e+002 -3.282095642089844e+002 
-2.963773608207703e-001 -2.060984497070313e+002 -3.283614196777344e+002 
-2.952060401439667e-001 -2.061353454589844e+002 -3.284536132812500e+002 
-2.959711253643036e-001 -2.062629394531250e+002 -3.286534423828125e+002 
-3.044266998767853e-001 -2.064882049560547e+002 -3.288234558105469e+002 
-3.048483729362488e-001 -2.065029449462891e+002 -3.288382873535156e+002 
-3.058674633502960e-001 -2.065910644531250e+002 -3.289657592773438e+002 
-3.044919371604919e-001 -2.066686706542969e+002 -3.291334228515625e+002 
-3.044659197330475e-001 -2.066744384765625e+002 -3.291438598632813e+002 
-3.082157969474793e-001 -2.068713836669922e+002 -3.293866271972656e+002 
-3.081916868686676e-001 -2.068733673095703e+002 -3.293900146484375e+002 
-3.081938326358795e-001 -2.068755645751953e+002 -3.293947448730469e+002 
-3.056568205356598e-001 -2.069321899414063e+002 -3.295575256347656e+002 
-3.048301339149475e-001 -2.069889831542969e+002 -3.296744384765625e+002 
-3.065296709537506e-001 -2.071076507568359e+002 -3.298373718261719e+002 
-3.066416382789612e-001 -2.071203918457031e+002 -3.298564453125000e+002 
-3.065645098686218e-001 -2.071270446777344e+002 -3.298701782226563e+002 
-3.064076304435730e-001 -2.071692352294922e+002 -3.299474792480469e+002 
-3.062227964401245e-001 -2.072901611328125e+002 -3.301601257324219e+002 
-3.043550550937653e-001 -2.073695983886719e+002 -3.303461303710938e+002 
-3.011641502380371e-001 -2.074487152099609e+002 -3.305649108886719e+002 
-3.013270497322083e-001 -2.075354614257813e+002 -3.307102050781250e+002 
-3.013047873973846e-001 -2.076311798095703e+002 -3.308760375976563e+002 
-2.953752279281616e-001 -2.078007354736328e+002 -3.313215942382813e+002 
-2.950724959373474e-001 -2.078415527343750e+002 -3.313999633789063e+002 
-2.921640276908875e-001 -2.080243225097656e+002 -3.317904968261719e+002 
-2.881894707679749e-001 -2.082161254882813e+002 -3.322242126464844e+002 
-2.854706048965454e-001 -2.083610229492188e+002 -3.325445861816406e+002 
-2.851136624813080e-001 -2.083900451660156e+002 -3.326038208007813e+002 
-2.838929891586304e-001 -2.085931549072266e+002 -3.329862365722656e+002 
-2.833139300346375e-001 -2.086195373535156e+002 -3.330461120605469e+002 
-2.805905938148499e-001 -2.087570953369141e+002 -3.333539123535156e+002 
-2.785574793815613e-001 -2.087909240722656e+002 -3.334647216796875e+002 
-2.763294279575348e-001 -2.089498443603516e+002 -3.337967224121094e+002 
-2.762660980224609e-001 -2.089557037353516e+002 -3.338081054687500e+002 
-2.762310206890106e-001 -2.089584808349609e+002 -3.338140869140625e+002 
-2.736352384090424e-001 -2.090615844726563e+002 -3.340590820312500e+002 
-2.691506147384644e-001 -2.092443389892578e+002 -3.344906921386719e+002 
-2.690176367759705e-001 -2.092459259033203e+002 -3.344965515136719e+002 
-2.690092921257019e-001 -2.092486877441406e+002 -3.345012817382813e+002 
-2.690096497535706e-001 -2.092496490478516e+002 -3.345032958984375e+002 
-2.690463364124298e-001 -2.094617614746094e+002 -3.348683166503906e+002 
-2.677361369132996e-001 -2.094851989746094e+002 -3.349422607421875e+002 
-2.654965221881867e-001 -2.095179443359375e+002 -3.350560913085938e+002 
-2.653334140777588e-001 -2.095728454589844e+002 -3.351546630859375e+002 
-2.645682096481323e-001 -2.096041107177734e+002 -3.352296447753906e+002 
-2.614780068397522e-001 -2.097192993164063e+002 -3.355061950683594e+002 
-2.616164684295654e-001 -2.098245849609375e+002 -3.356860961914063e+002 
-2.606134414672852e-001 -2.098911132812500e+002 -3.358269653320313e+002 
-2.546347081661224e-001 -2.101604309082031e+002 -3.364466857910156e+002 
-2.538267672061920e-001 -2.101947479248047e+002 -3.365261230468750e+002 
-2.524344921112061e-001 -2.102561645507813e+002 -3.366683959960938e+002 
-2.475958168506622e-001 -2.104414215087891e+002 -3.371128845214844e+002 
-2.455775141716003e-001 -2.104967193603516e+002 -3.372606811523438e+002 
-2.439102530479431e-001 -2.105408782958984e+002 -3.373798217773438e+002 
-2.361658513545990e-001 -2.107118988037109e+002 -3.378758544921875e+002 
-2.287410199642181e-001 -2.108241729736328e+002 -3.382613525390625e+002 
-2.242339551448822e-001 -2.108749084472656e+002 -3.384656982421875e+002 
-2.210827171802521e-001 -2.109380645751953e+002 -3.386549682617188e+002 
-2.184907495975494e-001 -2.109899291992188e+002 -3.388123168945313e+002 
-2.143429517745972e-001 -2.110271301269531e+002 -3.389841308593750e+002 
-2.067406475543976e-001 -2.111175842285156e+002 -3.393364868164063e+002 
-2.028902769088745e-001 -2.111486816406250e+002 -3.394879150390625e+002 
-2.015978544950485e-001 -2.112305450439453e+002 -3.396647949218750e+002 
-2.011595815420151e-001 -2.112422637939453e+002 -3.396960754394531e+002 
-1.997785568237305e-001 -2.112599487304688e+002 -3.397623291015625e+002 
-1.939135491847992e-001 -2.113631591796875e+002 -3.400919189453125e+002 
-1.920015513896942e-001 -2.113794708251953e+002 -3.401699523925781e+002 
-1.864464879035950e-001 -2.114111633300781e+002 -3.403679504394531e+002 
-1.829596161842346e-001 -2.115370941162109e+002 -3.406753234863281e+002 
-1.825632601976395e-001 -2.115452880859375e+002 -3.407005004882813e+002 
-1.822410225868225e-001 -2.115479125976563e+002 -3.407129821777344e+002 
-1.636266112327576e-001 -2.116972961425781e+002 -3.414499206542969e+002 
-1.620154678821564e-001 -2.117462768554688e+002 -3.415787658691406e+002 
-1.600248813629150e-001 -2.117810058593750e+002 -3.416900634765625e+002 
-1.573565751314163e-001 -2.118183441162109e+002 -3.418233337402344e+002 
-1.413614153862000e-001 -2.119411621093750e+002 -3.424497070312500e+002 
-1.407333314418793e-001 -2.119451599121094e+002 -3.424722290039063e+002 
-1.401401758193970e-001 -2.119541015625000e+002 -3.425030517578125e+002 
-1.326095759868622e-001 -2.120523681640625e+002 -3.428677978515625e+002 
-1.232912689447403e-001 -2.121067810058594e+002 -3.432021179199219e+002 
-1.143316850066185e-001 -2.122081756591797e+002 -3.436094360351563e+002 
-1.141447871923447e-001 -2.122093353271484e+002 -3.436159057617188e+002 
-9.493280947208405e-002 -2.123283081054688e+002 -3.443187866210938e+002 
-9.362392872571945e-002 -2.123403015136719e+002 -3.443735656738281e+002 
-7.249771058559418e-002 -2.124792480468750e+002 -3.451597900390625e+002 
-6.594216823577881e-002 -2.125150146484375e+002 -3.453911437988281e+002 
-5.475521087646484e-002 -2.125969696044922e+002 -3.458220214843750e+002 
-4.503464698791504e-002 -2.126121826171875e+002 -3.460998229980469e+002 
-2.339766919612885e-002 -2.127251586914063e+002 -3.468547363281250e+002 
-1.913136243820190e-002 -2.127544403076172e+002 -3.470156250000000e+002 
-1.242581009864807e-002 -2.127875518798828e+002 -3.472462158203125e+002 
5.083560943603516e-003 -2.128872528076172e+002 -3.478713989257813e+002 
2.364272996783257e-002 -2.129257507324219e+002 -3.484180908203125e+002 
2.695034258067608e-002 -2.129350585937500e+002 -3.485198669433594e+002 
3.526920080184937e-002 -2.129808044433594e+002 -3.488138122558594e+002 
4.414637386798859e-002 -2.130062561035156e+002 -3.490877990722656e+002 
6.159421801567078e-002 -2.130591888427734e+002 -3.496305236816406e+002 
6.576334685087204e-002 -2.131073608398438e+002 -3.498217773437500e+002 
7.371814548969269e-002 -2.131374816894531e+002 -3.500793151855469e+002 
7.972441613674164e-002 -2.131452941894531e+002 -3.502485046386719e+002 
1.032343953847885e-001 -2.132020568847656e+002 -3.509549255371094e+002 
1.039520949125290e-001 -2.132063140869141e+002 -3.509811706542969e+002 
1.062495782971382e-001 -2.132144622802734e+002 -3.510541992187500e+002 
1.282200217247009e-001 -2.132926788330078e+002 -3.517577514648438e+002 
1.408566534519196e-001 -2.133347778320313e+002 -3.521575927734375e+002 
1.550975739955902e-001 -2.133907470703125e+002 -3.526224975585938e+002 
1.818270087242127e-001 -2.134645233154297e+002 -3.534418334960938e+002 
1.819144338369370e-001 -2.134646453857422e+002 -3.534442443847656e+002 
1.819578111171722e-001 -2.134647827148438e+002 -3.534455566406250e+002 
1.820595264434815e-001 -2.134649810791016e+002 -3.534486083984375e+002 
2.117761671543121e-001 -2.135229187011719e+002 -3.543177795410156e+002 
2.435503304004669e-001 -2.135998229980469e+002 -3.552730102539063e+002 
2.459590435028076e-001 -2.136078796386719e+002 -3.553487243652344e+002 
2.486417591571808e-001 -2.136172180175781e+002 -3.554344787597656e+002 
2.632892429828644e-001 -2.136475067138672e+002 -3.558659362792969e+002 
2.858346104621887e-001 -2.136871337890625e+002 -3.565177612304688e+002 
2.960342764854431e-001 -2.136991882324219e+002 -3.568026428222656e+002 
3.135479688644409e-001 -2.137128295898438e+002 -3.572789001464844e+002 
3.189533948898315e-001 -2.137152252197266e+002 -3.574234313964844e+002 
3.686250150203705e-001 -2.137351684570313e+002 -3.587435913085938e+002 
3.766925334930420e-001 -2.137472839355469e+002 -3.589733276367188e+002 
3.974111676216126e-001 -2.137527160644531e+002 -3.595187988281250e+002 
4.043750762939453e-001 -2.137564544677734e+002 -3.597056274414063e+002 
4.088557660579681e-001 -2.137513275146484e+002 -3.598126220703125e+002 
4.121634662151337e-001 -2.137426910400391e+002 -3.598835449218750e+002 
4.486435949802399e-001 -2.137060241699219e+002 -3.607642822265625e+002 
4.725905358791351e-001 -2.136866760253906e+002 -3.613507995605469e+002 
4.787170290946960e-001 -2.136952819824219e+002 -3.615242614746094e+002 
4.899506568908691e-001 -2.136802673339844e+002 -3.617891235351563e+002 
5.076539516448975e-001 -2.136740112304688e+002 -3.622365112304688e+002 
5.321238040924072e-001 -2.136502075195313e+002 -3.628287048339844e+002 
5.346158742904663e-001 -2.136500244140625e+002 -3.628930053710938e+002 
5.695553421974182e-001 -2.136468200683594e+002 -3.637919311523438e+002 
5.748918056488037e-001 -2.136474304199219e+002 -3.639309692382813e+002 
5.945525169372559e-001 -2.136289520263672e+002 -3.644081420898438e+002 
6.089870929718018e-001 -2.136024322509766e+002 -3.647361450195313e+002 
6.144962906837463e-001 -2.136073913574219e+002 -3.648870849609375e+002 
6.347530484199524e-001 -2.136051635742188e+002 -3.654081726074219e+002 
6.513678431510925e-001 -2.135913391113281e+002 -3.658140563964844e+002 
6.727772951126099e-001 -2.135742187500000e+002 -3.663384399414063e+002 
7.019280791282654e-001 -2.134973297119141e+002 -3.669603271484375e+002 
7.195777297019959e-001 -2.134373474121094e+002 -3.673134460449219e+002 
7.311469316482544e-001 -2.134004516601563e+002 -3.675494384765625e+002 
7.535791993141174e-001 -2.133157043457031e+002 -3.679832763671875e+002 
7.646749019622803e-001 -2.132759399414063e+002 -3.682034301757813e+002 
7.647849917411804e-001 -2.132756805419922e+002 -3.682048339843750e+002 
7.649090290069580e-001 -2.132753906250000e+002 -3.682064208984375e+002 
7.809118032455444e-001 -2.132276000976563e+002 -3.685394897460938e+002 
8.134446144104004e-001 -2.130677490234375e+002 -3.691058959960938e+002 
8.197685480117798e-001 -2.130386505126953e+002 -3.692180786132813e+002 
8.301727771759033e-001 -2.130142364501953e+002 -3.694455871582031e+002 
8.467459678649902e-001 -2.129413604736328e+002 -3.697484741210938e+002 
8.508987426757813e-001 -2.129266967773438e+002 -3.698321533203125e+002 
8.665165901184082e-001 -2.128674926757813e+002 -3.701342468261719e+002 
8.678132891654968e-001 -2.128632507324219e+002 -3.701608886718750e+002 
8.830802440643311e-001 -2.127787475585938e+002 -3.704097290039063e+002 
9.003862738609314e-001 -2.126830749511719e+002 -3.706932678222656e+002 
9.021244645118713e-001 -2.126730041503906e+002 -3.707203063964844e+002 
9.198839664459229e-001 -2.126165161132813e+002 -3.710825195312500e+002 
9.213224053382874e-001 -2.126117248535156e+002 -3.711122131347656e+002 
9.214714765548706e-001 -2.126112823486328e+002 -3.711147766113281e+002 
9.339238405227661e-001 -2.125415344238281e+002 -3.713165893554688e+002 
9.432686567306519e-001 -2.124893188476563e+002 -3.714682922363281e+002 
9.690248966217041e-001 -2.123774414062500e+002 -3.719420776367188e+002 
9.903581142425537e-001 -2.122725219726563e+002 -3.723148193359375e+002 
9.975182414054871e-001 -2.122305755615234e+002 -3.724259643554688e+002 
1.002010345458984e+000 -2.122107391357422e+002 -3.725084838867188e+002 
1.030392885208130e+000 -2.120975189208984e+002 -3.730481872558594e+002 
1.040574312210083e+000 -2.120427856445313e+002 -3.732164916992188e+002 
1.059763193130493e+000 -2.119463043212891e+002 -3.735470581054688e+002 
1.084760904312134e+000 -2.118078918457031e+002 -3.739556579589844e+002 
1.118963241577148e+000 -2.116212463378906e+002 -3.745183715820313e+002 
1.142786026000977e+000 -2.114839477539063e+002 -3.748982543945313e+002 
1.157705068588257e+000 -2.113795318603516e+002 -3.751046447753906e+002 
1.170418262481690e+000 -2.112768554687500e+002 -3.752561035156250e+002 
1.185386896133423e+000 -2.111975708007813e+002 -3.755078125000000e+002 
1.196678876876831e+000 -2.111441345214844e+002 -3.757076110839844e+002 
1.211438179016113e+000 -2.110715332031250e+002 -3.759642333984375e+002 

