# AmiraMesh 3D ASCII 2.0


define Lines 215
nVertices 214

Parameters {
    ContentType "HxLineSet"
}

Lines { int LineIdx } @1
Vertices { float[3] Coordinates } @2

# Data section follows
@1
0 
2 
3 
4 
5 
6 
7 
8 
9 
10 
11 
12 
13 
14 
15 
16 
17 
18 
19 
20 
21 
22 
23 
24 
25 
26 
27 
28 
29 
30 
31 
32 
33 
34 
35 
36 
37 
38 
39 
40 
41 
42 
43 
44 
45 
46 
47 
48 
49 
50 
51 
52 
53 
54 
55 
56 
57 
58 
59 
60 
61 
62 
63 
64 
65 
66 
67 
68 
69 
70 
71 
72 
73 
74 
75 
76 
77 
78 
79 
80 
81 
82 
83 
84 
85 
86 
87 
88 
89 
90 
91 
92 
93 
94 
95 
96 
97 
98 
99 
100 
101 
102 
103 
104 
105 
106 
107 
108 
109 
110 
111 
112 
113 
114 
115 
116 
117 
118 
119 
120 
121 
122 
123 
124 
125 
126 
127 
128 
129 
130 
131 
132 
133 
134 
135 
136 
137 
138 
139 
140 
141 
142 
143 
144 
145 
146 
147 
148 
149 
150 
151 
152 
153 
154 
155 
156 
157 
158 
159 
160 
161 
162 
163 
164 
165 
166 
167 
168 
169 
170 
171 
172 
173 
174 
175 
176 
177 
178 
179 
180 
181 
182 
183 
184 
185 
186 
187 
188 
189 
190 
191 
192 
193 
194 
195 
196 
197 
198 
199 
200 
201 
202 
203 
204 
205 
206 
207 
208 
209 
210 
211 
212 
213 
1 
-1 

@2
-4.122025966644287e+000 -2.004916687011719e+002 -2.514456787109375e+002 
-2.384560346603394e+000 -2.101031188964844e+002 -2.984865112304688e+002 
-4.104715347290039e+000 -2.008373107910156e+002 -2.516228027343750e+002 
-4.092642784118652e+000 -2.010687866210938e+002 -2.517574157714844e+002 
-4.069266319274902e+000 -2.015744781494141e+002 -2.519511566162109e+002 
-4.065313339233398e+000 -2.016590118408203e+002 -2.519850158691406e+002 
-4.063642501831055e+000 -2.016904907226563e+002 -2.520044555664063e+002 
-4.061665534973145e+000 -2.017174072265625e+002 -2.520400085449219e+002 
-4.048530101776123e+000 -2.018919982910156e+002 -2.522758178710938e+002 
-4.044255733489990e+000 -2.019715270996094e+002 -2.523265380859375e+002 
-4.034821510314941e+000 -2.021788024902344e+002 -2.524011077880859e+002 
-4.025697708129883e+000 -2.023639526367188e+002 -2.524911499023438e+002 
-4.018928527832031e+000 -2.025065612792969e+002 -2.525510559082031e+002 
-4.015883445739746e+000 -2.025503997802734e+002 -2.526022644042969e+002 
-4.008137702941895e+000 -2.026391296386719e+002 -2.527584228515625e+002 
-4.005523681640625e+000 -2.026796875000000e+002 -2.527987518310547e+002 
-3.998775005340576e+000 -2.028069763183594e+002 -2.528764953613281e+002 
-3.993091583251953e+000 -2.029106597900391e+002 -2.529469299316406e+002 
-3.991061687469482e+000 -2.029487457275391e+002 -2.529698486328125e+002 
-3.989635705947876e+000 -2.029727783203125e+002 -2.529896850585938e+002 
-3.981938123703003e+000 -2.030956726074219e+002 -2.531038208007813e+002 
-3.975164175033569e+000 -2.031833190917969e+002 -2.532287292480469e+002 
-3.972521543502808e+000 -2.032138366699219e+002 -2.532818756103516e+002 
-3.965932369232178e+000 -2.033285827636719e+002 -2.533691101074219e+002 
-3.954722642898560e+000 -2.035214233398438e+002 -2.535196533203125e+002 
-3.951627492904663e+000 -2.035606384277344e+002 -2.535778045654297e+002 
-3.942858934402466e+000 -2.036729736328125e+002 -2.537407989501953e+002 
-3.934972524642944e+000 -2.037880554199219e+002 -2.538708648681641e+002 
-3.929214715957642e+000 -2.038698730468750e+002 -2.539684906005859e+002 
-3.918668985366821e+000 -2.040128021240234e+002 -2.541553192138672e+002 
-3.914421558380127e+000 -2.040700378417969e+002 -2.542308654785156e+002 
-3.910810947418213e+000 -2.041278228759766e+002 -2.542847442626953e+002 
-3.898514747619629e+000 -2.043198699951172e+002 -2.544727478027344e+002 
-3.891264438629150e+000 -2.044190368652344e+002 -2.546004333496094e+002 
-3.883246898651123e+000 -2.045209655761719e+002 -2.547504882812500e+002 
-3.873167037963867e+000 -2.046741180419922e+002 -2.549102325439453e+002 
-3.868199825286865e+000 -2.047442016601563e+002 -2.549942626953125e+002 
-3.862440109252930e+000 -2.048195190429688e+002 -2.550992126464844e+002 
-3.854146957397461e+000 -2.049228973388672e+002 -2.552573852539063e+002 
-3.845839023590088e+000 -2.050545654296875e+002 -2.553808288574219e+002 
-3.836223125457764e+000 -2.052092590332031e+002 -2.555237426757813e+002 
-3.823798418045044e+000 -2.053856201171875e+002 -2.557344055175781e+002 
-3.822463750839233e+000 -2.054037017822266e+002 -2.557579498291016e+002 
-3.818993806838989e+000 -2.054583740234375e+002 -2.558104705810547e+002 
-3.811013221740723e+000 -2.055793762207031e+002 -2.559369506835938e+002 
-3.808391571044922e+000 -2.056159667968750e+002 -2.559821014404297e+002 
-3.795868158340454e+000 -2.057736816406250e+002 -2.562179260253906e+002 
-3.788121461868286e+000 -2.058977661132813e+002 -2.563328247070313e+002 
-3.777997016906738e+000 -2.060520782470703e+002 -2.564920654296875e+002 
-3.772044897079468e+000 -2.061289215087891e+002 -2.566017456054688e+002 
-3.767003536224365e+000 -2.061925048828125e+002 -2.566969909667969e+002 
-3.756391286849976e+000 -2.063437042236328e+002 -2.568767700195313e+002 
-3.750190258026123e+000 -2.064309387207031e+002 -2.569823303222656e+002 
-3.746183872222900e+000 -2.064760437011719e+002 -2.570644226074219e+002 
-3.735463857650757e+000 -2.066164093017578e+002 -2.572599182128906e+002 
-3.733716964721680e+000 -2.066430511474609e+002 -2.572877807617188e+002 
-3.721388339996338e+000 -2.068324890136719e+002 -2.574799194335938e+002 
-3.713368415832520e+000 -2.069364776611328e+002 -2.576289367675781e+002 
-3.711624145507813e+000 -2.069556884765625e+002 -2.576632690429688e+002 
-3.709734439849854e+000 -2.069826812744141e+002 -2.576952209472656e+002 
-3.697116136550903e+000 -2.071607360839844e+002 -2.579109497070313e+002 
-3.695458650588989e+000 -2.071803588867188e+002 -2.579433898925781e+002 
-3.682096719741821e+000 -2.073503417968750e+002 -2.581930847167969e+002 
-3.672482013702393e+000 -2.075072021484375e+002 -2.583311767578125e+002 
-3.664016008377075e+000 -2.076366271972656e+002 -2.584650268554688e+002 
-3.658987522125244e+000 -2.077059478759766e+002 -2.585522460937500e+002 
-3.653808593750000e+000 -2.077745819091797e+002 -2.586463317871094e+002 
-3.641916513442993e+000 -2.079450073242188e+002 -2.588462829589844e+002 
-3.638512134552002e+000 -2.079926910400391e+002 -2.589051513671875e+002 
-3.630068063735962e+000 -2.080986938476563e+002 -2.590640869140625e+002 
-3.624558687210083e+000 -2.081660156250000e+002 -2.591701049804688e+002 
-3.623936176300049e+000 -2.081748046875000e+002 -2.591807250976563e+002 
-3.611847877502441e+000 -2.083489074707031e+002 -2.593830261230469e+002 
-3.603185415267944e+000 -2.084603881835938e+002 -2.595433959960938e+002 
-3.593651056289673e+000 -2.085805358886719e+002 -2.597227783203125e+002 
-3.591162681579590e+000 -2.086088256835938e+002 -2.597729492187500e+002 
-3.576887130737305e+000 -2.087672119140625e+002 -2.600670776367188e+002 
-3.571559667587280e+000 -2.088480377197266e+002 -2.601518554687500e+002 
-3.564945220947266e+000 -2.089385375976563e+002 -2.602669677734375e+002 
-3.558026075363159e+000 -2.090212402343750e+002 -2.604031372070313e+002 
-3.549784898757935e+000 -2.091150360107422e+002 -2.605701599121094e+002 
-3.541799068450928e+000 -2.092205810546875e+002 -2.607145385742188e+002 
-3.533465385437012e+000 -2.093239135742188e+002 -2.608738098144531e+002 
-3.527995109558106e+000 -2.093867645263672e+002 -2.609828796386719e+002 
-3.524790287017822e+000 -2.094190063476563e+002 -2.610530090332031e+002 
-3.522767543792725e+000 -2.094365386962891e+002 -2.611002807617188e+002 
-3.519598484039307e+000 -2.094805908203125e+002 -2.611552734375000e+002 
-3.508720159530640e+000 -2.096125793457031e+002 -2.613663940429688e+002 
-3.500741958618164e+000 -2.096985321044922e+002 -2.615338745117188e+002 
-3.483258008956909e+000 -2.098882751464844e+002 -2.618981933593750e+002 
-3.481800317764282e+000 -2.099037475585938e+002 -2.619285888671875e+002 
-3.466041326522827e+000 -2.100836181640625e+002 -2.622476806640625e+002 
-3.453945159912109e+000 -2.102219543457031e+002 -2.624917297363281e+002 
-3.442816257476807e+000 -2.103373870849609e+002 -2.627315673828125e+002 
-3.427790641784668e+000 -2.104821624755859e+002 -2.630646667480469e+002 
-3.427289009094238e+000 -2.104868316650391e+002 -2.630762634277344e+002 
-3.426611900329590e+000 -2.104950561523438e+002 -2.630894775390625e+002 
-3.398252725601196e+000 -2.108110656738281e+002 -2.636715393066406e+002 
-3.397343635559082e+000 -2.108204650878906e+002 -2.636919250488281e+002 
-3.396619796752930e+000 -2.108271026611328e+002 -2.637074890136719e+002 
-3.395208358764648e+000 -2.108414916992188e+002 -2.637384338378906e+002 
-3.378395318984985e+000 -2.109936218261719e+002 -2.641242980957031e+002 
-3.362114906311035e+000 -2.111566162109375e+002 -2.644797668457031e+002 
-3.352210998535156e+000 -2.112506713867188e+002 -2.647022399902344e+002 
-3.338001728057861e+000 -2.113690185546875e+002 -2.650406494140625e+002 
-3.323675870895386e+000 -2.115010375976563e+002 -2.653670654296875e+002 
-3.316181182861328e+000 -2.115694580078125e+002 -2.655381774902344e+002 
-3.296768665313721e+000 -2.117375946044922e+002 -2.659929199218750e+002 
-3.295176982879639e+000 -2.117496948242188e+002 -2.660324707031250e+002 
-3.290751934051514e+000 -2.117852783203125e+002 -2.661390991210938e+002 
-3.259962797164917e+000 -2.120182952880859e+002 -2.668999633789063e+002 
-3.246037244796753e+000 -2.121250305175781e+002 -2.672419128417969e+002 
-3.231460094451904e+000 -2.122327117919922e+002 -2.676050720214844e+002 
-3.221204519271851e+000 -2.123005981445313e+002 -2.678698425292969e+002 
-3.218896150588989e+000 -2.123162994384766e+002 -2.679289245605469e+002 
-3.188357353210449e+000 -2.125347290039063e+002 -2.686979370117188e+002 
-3.185191392898560e+000 -2.125564270019531e+002 -2.687791748046875e+002 
-3.181069374084473e+000 -2.125882568359375e+002 -2.688798217773438e+002 
-3.158666849136353e+000 -2.127483825683594e+002 -2.694441833496094e+002 
-3.146630764007568e+000 -2.128157653808594e+002 -2.697688903808594e+002 
-3.143534421920776e+000 -2.128355712890625e+002 -2.698498229980469e+002 
-3.124919414520264e+000 -2.129732971191406e+002 -2.703131713867188e+002 
-3.113551139831543e+000 -2.130390930175781e+002 -2.706170654296875e+002 
-3.102832794189453e+000 -2.130990142822266e+002 -2.709074707031250e+002 
-3.088292121887207e+000 -2.131983795166016e+002 -2.712781677246094e+002 
-3.083668708801270e+000 -2.132292175292969e+002 -2.713979187011719e+002 
-3.077426671981812e+000 -2.132599792480469e+002 -2.715710449218750e+002 
-3.065240859985352e+000 -2.133142395019531e+002 -2.719161071777344e+002 
-3.051196098327637e+000 -2.133962249755859e+002 -2.722916870117188e+002 
-3.042521715164185e+000 -2.134320068359375e+002 -2.725403137207031e+002 
-3.022408246994019e+000 -2.135528259277344e+002 -2.730738830566406e+002 
-3.021387815475464e+000 -2.135578460693359e+002 -2.731023864746094e+002 
-2.995396614074707e+000 -2.136622161865234e+002 -2.738521118164063e+002 
-2.993703842163086e+000 -2.136697082519531e+002 -2.739002990722656e+002 
-2.974120616912842e+000 -2.137453613281250e+002 -2.744685058593750e+002 
-2.963378190994263e+000 -2.137881774902344e+002 -2.747781982421875e+002 
-2.944912910461426e+000 -2.138536071777344e+002 -2.753218688964844e+002 
-2.934864997863770e+000 -2.138789215087891e+002 -2.756286621093750e+002 
-2.914403200149536e+000 -2.139370422363281e+002 -2.762470703125000e+002 
-2.901531219482422e+000 -2.139745178222656e+002 -2.766358032226563e+002 
-2.895121574401856e+000 -2.139793395996094e+002 -2.768443603515625e+002 
-2.886177539825440e+000 -2.139903259277344e+002 -2.771311035156250e+002 
-2.870939970016480e+000 -2.140356140136719e+002 -2.775894775390625e+002 
-2.865993022918701e+000 -2.140445404052734e+002 -2.777444458007813e+002 
-2.861805200576782e+000 -2.140498352050781e+002 -2.778790588378906e+002 
-2.833095550537109e+000 -2.140644836425781e+002 -2.788243408203125e+002 
-2.817169427871704e+000 -2.140678710937500e+002 -2.793546142578125e+002 
-2.809890985488892e+000 -2.140752868652344e+002 -2.795900268554688e+002 
-2.791314601898193e+000 -2.140776824951172e+002 -2.802102661132813e+002 
-2.782509326934815e+000 -2.140559997558594e+002 -2.805309143066406e+002 
-2.757912397384644e+000 -2.140343017578125e+002 -2.813806457519531e+002 
-2.756742000579834e+000 -2.140325622558594e+002 -2.814216613769531e+002 
-2.754800796508789e+000 -2.140332031250000e+002 -2.814862670898438e+002 
-2.731019735336304e+000 -2.140208129882813e+002 -2.822982482910156e+002 
-2.724287748336792e+000 -2.139916687011719e+002 -2.825578002929688e+002 
-2.714829444885254e+000 -2.139567565917969e+002 -2.829159545898438e+002 
-2.694188833236694e+000 -2.139267425537109e+002 -2.836429443359375e+002 
-2.691733598709106e+000 -2.139218292236328e+002 -2.837312316894531e+002 
-2.690127611160278e+000 -2.139144592285156e+002 -2.837933654785156e+002 
-2.662743806838989e+000 -2.138004913330078e+002 -2.848445739746094e+002 
-2.657710790634155e+000 -2.137873229980469e+002 -2.850285949707031e+002 
-2.634836673736572e+000 -2.136831970214844e+002 -2.859171142578125e+002 
-2.627636194229126e+000 -2.136392517089844e+002 -2.862097778320313e+002 
-2.614126682281494e+000 -2.135824279785156e+002 -2.867291259765625e+002 
-2.606172084808350e+000 -2.135294494628906e+002 -2.870576171875000e+002 
-2.595058917999268e+000 -2.134390869140625e+002 -2.875360717773438e+002 
-2.592027902603149e+000 -2.134118652343750e+002 -2.876704101562500e+002 
-2.590175867080689e+000 -2.133933410644531e+002 -2.877528381347656e+002 
-2.578116416931152e+000 -2.132819824218750e+002 -2.882870788574219e+002 
-2.573549270629883e+000 -2.132433929443359e+002 -2.884853820800781e+002 
-2.571964740753174e+000 -2.132269134521484e+002 -2.885577087402344e+002 
-2.570779085159302e+000 -2.132155151367188e+002 -2.886106262207031e+002 
-2.555403470993042e+000 -2.130822448730469e+002 -2.892813110351563e+002 
-2.543709278106690e+000 -2.129589996337891e+002 -2.898176269531250e+002 
-2.541749477386475e+000 -2.129334259033203e+002 -2.899132690429688e+002 
-2.532227039337158e+000 -2.128208007812500e+002 -2.903639831542969e+002 
-2.523863315582275e+000 -2.127184448242188e+002 -2.907638244628906e+002 
-2.518421173095703e+000 -2.126582946777344e+002 -2.910163574218750e+002 
-2.513284444808960e+000 -2.125917358398438e+002 -2.912663879394531e+002 
-2.512014389038086e+000 -2.125747985839844e+002 -2.913289184570313e+002 
-2.508614540100098e+000 -2.125056152343750e+002 -2.915243530273438e+002 
-2.507299184799194e+000 -2.124732666015625e+002 -2.916046142578125e+002 
-2.503670930862427e+000 -2.124358520507813e+002 -2.917708740234375e+002 
-2.496359825134277e+000 -2.123272247314453e+002 -2.921413574218750e+002 
-2.492184400558472e+000 -2.122316436767578e+002 -2.923941650390625e+002 
-2.489312410354614e+000 -2.121856994628906e+002 -2.925434265136719e+002 
-2.485416412353516e+000 -2.121520233154297e+002 -2.927135925292969e+002 
-2.485172271728516e+000 -2.121464385986328e+002 -2.927286987304688e+002 
-2.481117725372315e+000 -2.120064086914063e+002 -2.930281677246094e+002 
-2.480819463729858e+000 -2.119916381835938e+002 -2.930553283691406e+002 
-2.479639768600464e+000 -2.119671325683594e+002 -2.931234436035156e+002 
-2.474729537963867e+000 -2.118770904541016e+002 -2.933929443359375e+002 
-2.472395420074463e+000 -2.117980346679688e+002 -2.935632324218750e+002 
-2.471295595169067e+000 -2.116511077880859e+002 -2.937718811035156e+002 
-2.471054315567017e+000 -2.116387939453125e+002 -2.937943725585938e+002 
-2.464325904846191e+000 -2.115587310791016e+002 -2.941133728027344e+002 
-2.462583780288696e+000 -2.115515136718750e+002 -2.941802368164063e+002 
-2.459807395935059e+000 -2.114983062744141e+002 -2.943354187011719e+002 
-2.452162742614746e+000 -2.112998504638672e+002 -2.948234252929688e+002 
-2.447218418121338e+000 -2.112297668457031e+002 -2.950709228515625e+002 
-2.436557054519653e+000 -2.110010070800781e+002 -2.956954040527344e+002 
-2.432325601577759e+000 -2.109144439697266e+002 -2.959381408691406e+002 
-2.429954290390015e+000 -2.108989715576172e+002 -2.960355834960938e+002 
-2.429084777832031e+000 -2.108775329589844e+002 -2.960899353027344e+002 
-2.415448665618897e+000 -2.107977905273438e+002 -2.966402282714844e+002 
-2.409165143966675e+000 -2.107637329101563e+002 -2.968909301757813e+002 
-2.407354116439819e+000 -2.107433471679688e+002 -2.969750976562500e+002 
-2.399793386459351e+000 -2.106010742187500e+002 -2.973939514160156e+002 
-2.397368907928467e+000 -2.105188598632813e+002 -2.975719909667969e+002 
-2.393097877502441e+000 -2.103343963623047e+002 -2.979303588867188e+002 
-2.391838550567627e+000 -2.103122253417969e+002 -2.979984741210938e+002 
-2.387983560562134e+000 -2.102096252441406e+002 -2.982473754882813e+002 
-2.384719371795654e+000 -2.101444854736328e+002 -2.984326782226563e+002 
-2.384741306304932e+000 -2.101051483154297e+002 -2.984785766601563e+002 

