# AmiraMesh 3D ASCII 2.0


define Lines 104
nVertices 103

Parameters {
    ContentType "HxLineSet"
}

Lines { int LineIdx } @1
Vertices { float[3] Coordinates } @2

# Data section follows
@1
0 
2 
3 
4 
5 
6 
7 
8 
9 
10 
11 
12 
13 
14 
15 
16 
17 
18 
19 
20 
21 
22 
23 
24 
25 
26 
27 
28 
29 
30 
31 
32 
33 
34 
35 
36 
37 
1 
39 
40 
41 
42 
43 
44 
45 
46 
47 
48 
49 
50 
51 
52 
53 
54 
55 
56 
57 
58 
59 
60 
61 
62 
63 
64 
65 
66 
67 
68 
69 
70 
71 
72 
38 
74 
75 
76 
77 
78 
79 
80 
81 
82 
83 
84 
85 
86 
87 
88 
89 
90 
91 
92 
93 
94 
95 
96 
97 
98 
99 
100 
101 
102 
73 
-1 

@2
-7.135564088821411e-002 -4.630374526977539e+001 -1.118967895507813e+003 
-4.067434966564179e-001 -5.177235412597656e+001 -1.085111694335938e+003 
-7.419060915708542e-002 -4.670281982421875e+001 -1.118874511718750e+003 
-7.704643160104752e-002 -4.703147125244141e+001 -1.118741577148438e+003 
-8.842027187347412e-002 -4.812829589843750e+001 -1.118091674804688e+003 
-1.003071665763855e-001 -4.904865264892578e+001 -1.117288574218750e+003 
-1.057273149490356e-001 -4.942840194702148e+001 -1.116902099609375e+003 
-1.095449924468994e-001 -4.960534667968750e+001 -1.116578247070313e+003 
-1.231968328356743e-001 -5.002558135986328e+001 -1.115308837890625e+003 
-1.263980865478516e-001 -5.012078857421875e+001 -1.115012939453125e+003 
-1.296270042657852e-001 -5.008549499511719e+001 -1.114633666992188e+003 
-1.411031782627106e-001 -4.997666549682617e+001 -1.113313598632813e+003 
-1.453081667423248e-001 -4.967591094970703e+001 -1.112688598632813e+003 
-1.557656675577164e-001 -4.922705078125000e+001 -1.111293701171875e+003 
-1.684068590402603e-001 -4.860876464843750e+001 -1.109565917968750e+003 
-1.729146540164948e-001 -4.848048400878906e+001 -1.109004150390625e+003 
-1.758391410112381e-001 -4.833437728881836e+001 -1.108599365234375e+003 
-1.867762207984924e-001 -4.790037918090820e+001 -1.107158203125000e+003 
-1.941858977079392e-001 -4.761796569824219e+001 -1.106191162109375e+003 
-1.995786726474762e-001 -4.743196105957031e+001 -1.105496826171875e+003 
-2.193867713212967e-001 -4.675477218627930e+001 -1.102949340820313e+003 
-2.206448614597321e-001 -4.671339797973633e+001 -1.102789916992188e+003 
-2.262042462825775e-001 -4.659120178222656e+001 -1.102112426757813e+003 
-2.409547269344330e-001 -4.626865005493164e+001 -1.100314697265625e+003 
-2.429317533969879e-001 -4.623538589477539e+001 -1.100079711914063e+003 
-2.515834271907806e-001 -4.608638381958008e+001 -1.099047607421875e+003 
-2.678139805793762e-001 -4.581933593750000e+001 -1.097118041992188e+003 
-2.722304463386536e-001 -4.587610244750977e+001 -1.096664306640625e+003 
-2.868926823139191e-001 -4.627820968627930e+001 -1.095273559570313e+003 
-3.026557862758637e-001 -4.675394439697266e+001 -1.093802490234375e+003 
-3.142221271991730e-001 -4.713369750976563e+001 -1.092739501953125e+003 
-3.229206800460815e-001 -4.748989105224609e+001 -1.091977294921875e+003 
-3.350347876548767e-001 -4.800636672973633e+001 -1.090929199218750e+003 
-3.428004980087280e-001 -4.835586547851563e+001 -1.090268310546875e+003 
-3.555085062980652e-001 -4.892475509643555e+001 -1.089183105468750e+003 
-3.738662302494049e-001 -4.996891784667969e+001 -1.087737548828125e+003 
-3.777634203433991e-001 -5.019094467163086e+001 -1.087430419921875e+003 
-4.046790599822998e-001 -5.166159439086914e+001 -1.085277832031250e+003 
3.235332667827606e-002 -6.925471496582031e+001 -1.058593627929688e+003 
-4.052252173423767e-001 -5.183427429199219e+001 -1.085018676757813e+003 
-4.037381410598755e-001 -5.210538864135742e+001 -1.084691772460938e+003 
-4.144774973392487e-001 -5.302908325195313e+001 -1.083829833984375e+003 
-4.186064600944519e-001 -5.362979125976563e+001 -1.083223876953125e+003 
-4.199374616146088e-001 -5.371376037597656e+001 -1.083151000976563e+003 
-4.199808835983276e-001 -5.383946990966797e+001 -1.083011962890625e+003 
-4.183991849422455e-001 -5.485041046142578e+001 -1.081856933593750e+003 
-4.300703704357147e-001 -5.526218032836914e+001 -1.081582763671875e+003 
-4.309703111648560e-001 -5.543381118774414e+001 -1.081404174804688e+003 
-4.395624995231628e-001 -5.674629211425781e+001 -1.080073974609375e+003 
-4.480553269386292e-001 -5.712123489379883e+001 -1.079789794921875e+003 
-4.507989883422852e-001 -5.830544281005859e+001 -1.078509765625000e+003 
-4.434036314487457e-001 -5.869406127929688e+001 -1.077957885742188e+003 
-4.267460703849793e-001 -5.885671234130859e+001 -1.077513061523438e+003 
-4.265437722206116e-001 -5.888082504272461e+001 -1.077480957031250e+003 
-4.406816661357880e-001 -5.957238388061523e+001 -1.076933105468750e+003 
-4.443944990634918e-001 -5.974006271362305e+001 -1.076804443359375e+003 
-4.367178082466126e-001 -6.101749038696289e+001 -1.075254394531250e+003 
-4.343618750572205e-001 -6.146288299560547e+001 -1.074719482421875e+003 
-4.276315569877625e-001 -6.204666137695313e+001 -1.073960205078125e+003 
-4.143092036247253e-001 -6.249158096313477e+001 -1.073251098632813e+003 
-3.988497257232666e-001 -6.322186279296875e+001 -1.072189208984375e+003 
-3.689813911914825e-001 -6.401546478271484e+001 -1.070828369140625e+003 
-3.522350192070007e-001 -6.433367919921875e+001 -1.070206054687500e+003 
-3.320196866989136e-001 -6.473178863525391e+001 -1.069439331054688e+003 
-2.961471676826477e-001 -6.555265045166016e+001 -1.067951904296875e+003 
-2.768460512161255e-001 -6.587397003173828e+001 -1.067286010742188e+003 
-2.193096280097961e-001 -6.623759460449219e+001 -1.065964843750000e+003 
-2.150340080261231e-001 -6.654771423339844e+001 -1.065549926757813e+003 
-1.774775683879852e-001 -6.707533264160156e+001 -1.064364013671875e+003 
-7.932857424020767e-002 -6.810267639160156e+001 -1.061656005859375e+003 
-4.649115353822708e-002 -6.825090789794922e+001 -1.060968505859375e+003 
3.267258033156395e-002 -6.880760955810547e+001 -1.059088256835938e+003 
3.485758602619171e-002 -6.885097503662109e+001 -1.059004882812500e+003 
-7.382853031158447e-001 -7.892250061035156e+001 -1.036366577148438e+003 
-2.332946658134460e-002 -6.958968353271484e+001 -1.058209716796875e+003 
-9.210833162069321e-002 -7.022950744628906e+001 -1.056975585937500e+003 
-1.081870272755623e-001 -7.037645721435547e+001 -1.056696044921875e+003 
-1.529742479324341e-001 -7.058577728271484e+001 -1.056589721679688e+003 
-1.642515063285828e-001 -7.070684814453125e+001 -1.056332763671875e+003 
-2.215372473001480e-001 -7.133818054199219e+001 -1.054974121093750e+003 
-2.328858226537705e-001 -7.147141265869141e+001 -1.054677490234375e+003 
-2.576696276664734e-001 -7.182815551757813e+001 -1.053808837890625e+003 
-1.574832201004028e-001 -7.219998168945313e+001 -1.051223266601563e+003 
-1.565013527870178e-001 -7.221344757080078e+001 -1.051164916992188e+003 
-1.534080505371094e-001 -7.222863006591797e+001 -1.051072631835938e+003 
-1.688379794359207e-001 -7.261161041259766e+001 -1.049991210937500e+003 
-1.585368514060974e-001 -7.297407531738281e+001 -1.048635375976563e+003 
-1.604002565145493e-001 -7.330261230468750e+001 -1.047556152343750e+003 
-1.350832879543304e-001 -7.346948242187500e+001 -1.046656982421875e+003 
-1.346062272787094e-001 -7.363958740234375e+001 -1.046078613281250e+003 
-1.080998480319977e-001 -7.370674133300781e+001 -1.045499755859375e+003 
-1.285821497440338e-001 -7.407725524902344e+001 -1.044527343750000e+003 
-1.324755400419235e-001 -7.437714385986328e+001 -1.043571166992188e+003 
-1.747151017189026e-001 -7.473101043701172e+001 -1.042944335937500e+003 
-2.118269205093384e-001 -7.524668121337891e+001 -1.041705566406250e+003 
-2.179181277751923e-001 -7.529023742675781e+001 -1.041640747070313e+003 
-2.716076374053955e-001 -7.557855987548828e+001 -1.041386962890625e+003 
-4.004050493240356e-001 -7.633364868164063e+001 -1.040565551757813e+003 
-4.409284591674805e-001 -7.677305603027344e+001 -1.039628540039063e+003 
-4.522590935230255e-001 -7.684461212158203e+001 -1.039538940429688e+003 
-5.630455017089844e-001 -7.767757415771484e+001 -1.038216064453125e+003 
-5.689784884452820e-001 -7.771723937988281e+001 -1.038161254882813e+003 
-5.729018449783325e-001 -7.774196624755859e+001 -1.038130004882813e+003 

