# AmiraMesh 3D ASCII 2.0


define Lines 114
nVertices 113

Parameters {
    ContentType "HxLineSet"
}

Lines { int LineIdx } @1
Vertices { float[3] Coordinates } @2

# Data section follows
@1
0 
2 
3 
4 
5 
6 
7 
8 
9 
10 
11 
12 
13 
14 
15 
16 
17 
18 
19 
20 
21 
22 
23 
24 
25 
26 
27 
28 
29 
30 
31 
32 
33 
34 
35 
36 
37 
38 
39 
40 
41 
42 
43 
44 
45 
46 
47 
48 
49 
50 
51 
52 
53 
54 
55 
56 
57 
58 
59 
60 
61 
62 
63 
64 
65 
66 
1 
68 
69 
70 
71 
72 
73 
74 
75 
76 
77 
78 
79 
80 
81 
82 
67 
84 
85 
86 
87 
83 
89 
90 
91 
88 
93 
94 
95 
96 
92 
98 
99 
100 
101 
102 
103 
104 
97 
106 
107 
108 
105 
110 
111 
112 
109 
-1 

@2
8.271188735961914e+000 -2.688063964843750e+002 -7.753032226562500e+002 
9.850461006164551e+000 -2.499982604980469e+002 -8.148684692382813e+002 
8.256121635437012e+000 -2.696877441406250e+002 -7.761717529296875e+002 
8.255374908447266e+000 -2.697838439941406e+002 -7.763073730468750e+002 
8.255647659301758e+000 -2.706738281250000e+002 -7.779005126953125e+002 
8.272842407226563e+000 -2.710435791015625e+002 -7.793505249023438e+002 
8.273850440979004e+000 -2.710743713378906e+002 -7.794520874023438e+002 
8.283759117126465e+000 -2.711735534667969e+002 -7.800859375000000e+002 
8.307380676269531e+000 -2.713605346679688e+002 -7.815087890625000e+002 
8.324399948120117e+000 -2.714007873535156e+002 -7.823663330078125e+002 
8.353771209716797e+000 -2.712388305664063e+002 -7.834334716796875e+002 
8.366056442260742e+000 -2.711564636230469e+002 -7.838557128906250e+002 
8.380604743957520e+000 -2.710267333984375e+002 -7.842994384765625e+002 
8.416507720947266e+000 -2.706133728027344e+002 -7.852221679687500e+002 
8.430065155029297e+000 -2.704506835937500e+002 -7.855606689453125e+002 
8.500704765319824e+000 -2.694082946777344e+002 -7.869737548828125e+002 
8.507590293884277e+000 -2.693092346191406e+002 -7.871165161132813e+002 
8.579389572143555e+000 -2.680179443359375e+002 -7.881395874023438e+002 
8.593530654907227e+000 -2.677508544921875e+002 -7.883195800781250e+002 
8.617318153381348e+000 -2.672455749511719e+002 -7.885213623046875e+002 
8.682140350341797e+000 -2.658202514648438e+002 -7.889855957031250e+002 
8.731479644775391e+000 -2.647400512695313e+002 -7.893469238281250e+002 
8.767626762390137e+000 -2.639405212402344e+002 -7.895978393554688e+002 
8.784040451049805e+000 -2.635964050292969e+002 -7.897451171875000e+002 
8.862241744995117e+000 -2.619985351562500e+002 -7.905206298828125e+002 
8.882923126220703e+000 -2.615363464355469e+002 -7.906561279296875e+002 
8.927742004394531e+000 -2.606053466796875e+002 -7.910738525390625e+002 
8.953249931335449e+000 -2.601126708984375e+002 -7.913773193359375e+002 
9.000835418701172e+000 -2.591840515136719e+002 -7.919273681640625e+002 
9.015281677246094e+000 -2.588908996582031e+002 -7.920742187500000e+002 
9.104116439819336e+000 -2.571907653808594e+002 -7.931600952148438e+002 
9.118513107299805e+000 -2.569209594726563e+002 -7.933465576171875e+002 
9.140131950378418e+000 -2.564881286621094e+002 -7.935761108398438e+002 
9.179383277893066e+000 -2.557709350585938e+002 -7.941157836914063e+002 
9.190356254577637e+000 -2.555749969482422e+002 -7.942763061523438e+002 
9.211211204528809e+000 -2.551779479980469e+002 -7.945341796875000e+002 
9.236797332763672e+000 -2.547165222167969e+002 -7.948970947265625e+002 
9.272309303283691e+000 -2.541275024414063e+002 -7.954915771484375e+002 
9.297441482543945e+000 -2.536894531250000e+002 -7.958747558593750e+002 
9.321598052978516e+000 -2.533229370117188e+002 -7.963404541015625e+002 
9.348354339599609e+000 -2.528872375488281e+002 -7.968029174804688e+002 
9.371522903442383e+000 -2.524703979492188e+002 -7.971339111328125e+002 
9.416603088378906e+000 -2.517852783203125e+002 -7.979997558593750e+002 
9.453710556030273e+000 -2.512939147949219e+002 -7.988415527343750e+002 
9.508216857910156e+000 -2.506377716064453e+002 -8.001950073242188e+002 
9.513914108276367e+000 -2.505647888183594e+002 -8.003283081054688e+002 
9.517542839050293e+000 -2.505217285156250e+002 -8.004139404296875e+002 
9.531397819519043e+000 -2.503425903320313e+002 -8.007316284179688e+002 
9.542362213134766e+000 -2.502526245117188e+002 -8.010964355468750e+002 
9.548566818237305e+000 -2.501990966796875e+002 -8.012772216796875e+002 
9.564422607421875e+000 -2.500178070068359e+002 -8.016901855468750e+002 
9.567117691040039e+000 -2.499876403808594e+002 -8.017612915039063e+002 
9.607278823852539e+000 -2.498769378662109e+002 -8.034199829101563e+002 
9.633829116821289e+000 -2.497831726074219e+002 -8.044801635742188e+002 
9.645415306091309e+000 -2.497250976562500e+002 -8.049122924804688e+002 
9.655797004699707e+000 -2.496498565673828e+002 -8.052579956054688e+002 
9.658173561096191e+000 -2.496450042724609e+002 -8.053602905273438e+002 
9.666302680969238e+000 -2.496366424560547e+002 -8.057203979492188e+002 
9.712053298950195e+000 -2.495865478515625e+002 -8.077442626953125e+002 
9.726020812988281e+000 -2.495816040039063e+002 -8.083807373046875e+002 
9.763919830322266e+000 -2.495517883300781e+002 -8.100783691406250e+002 
9.809235572814941e+000 -2.496332702636719e+002 -8.123161010742188e+002 
9.811507225036621e+000 -2.496391754150391e+002 -8.124314575195313e+002 
9.811725616455078e+000 -2.496538696289063e+002 -8.124700927734375e+002 
9.822343826293945e+000 -2.498562774658203e+002 -8.133170166015625e+002 
9.826867103576660e+000 -2.498935241699219e+002 -8.135925292968750e+002 
9.850227355957031e+000 -2.499952087402344e+002 -8.148521728515625e+002 
1.021294212341309e+001 -2.535099029541016e+002 -8.268442382812500e+002 
9.941182136535645e+000 -2.502610778808594e+002 -8.162437133789063e+002 
9.965245246887207e+000 -2.503943939208984e+002 -8.167759399414063e+002 
9.980075836181641e+000 -2.505320434570313e+002 -8.172501220703125e+002 
1.000921249389648e+001 -2.508591308593750e+002 -8.183306884765625e+002 
1.002965736389160e+001 -2.511785888671875e+002 -8.193257446289063e+002 
1.005066776275635e+001 -2.515558776855469e+002 -8.204774169921875e+002 
1.005346012115479e+001 -2.515721435546875e+002 -8.205412597656250e+002 
1.006037425994873e+001 -2.515941162109375e+002 -8.206511230468750e+002 
1.010209941864014e+001 -2.521544647216797e+002 -8.224408569335938e+002 
1.010805606842041e+001 -2.523461914062500e+002 -8.229903564453125e+002 
1.016360855102539e+001 -2.525504455566406e+002 -8.239465332031250e+002 
1.017962837219238e+001 -2.527441711425781e+002 -8.245772705078125e+002 
1.019249153137207e+001 -2.527986145019531e+002 -8.248174438476563e+002 
1.020841979980469e+001 -2.528370361328125e+002 -8.250385742187500e+002 
1.023134803771973e+001 -2.530688781738281e+002 -8.258217773437500e+002 
1.038148498535156e+001 -2.543906555175781e+002 -8.292322998046875e+002 
1.021248531341553e+001 -2.535710754394531e+002 -8.269806518554688e+002 
1.023601245880127e+001 -2.539182434082031e+002 -8.278176269531250e+002 
1.028209495544434e+001 -2.541637420654297e+002 -8.284811401367188e+002 
1.037308788299561e+001 -2.543581237792969e+002 -8.291389160156250e+002 
1.026820945739746e+001 -2.551168518066406e+002 -8.330979003906250e+002 
1.032019233703613e+001 -2.546550903320313e+002 -8.304677734375000e+002 
1.030203342437744e+001 -2.547917175292969e+002 -8.312221679687500e+002 
1.025139904022217e+001 -2.550502777099609e+002 -8.325099487304688e+002 
1.020103549957275e+001 -2.554943695068359e+002 -8.374946289062500e+002 
1.026551055908203e+001 -2.551318359375000e+002 -8.332695312500000e+002 
1.023124980926514e+001 -2.553039855957031e+002 -8.350353393554688e+002 
1.019585514068604e+001 -2.554802093505859e+002 -8.368226928710938e+002 
1.019626522064209e+001 -2.554908142089844e+002 -8.370972290039063e+002 
1.005893421173096e+001 -2.551162109375000e+002 -8.456478271484375e+002 
1.015492057800293e+001 -2.554920196533203e+002 -8.390851440429688e+002 
1.007580757141113e+001 -2.554358978271484e+002 -8.422700805664063e+002 
1.006495189666748e+001 -2.554299621582031e+002 -8.426918334960938e+002 
1.006122779846191e+001 -2.554069824218750e+002 -8.430200195312500e+002 
1.005940914154053e+001 -2.551822814941406e+002 -8.450505981445313e+002 
1.006083869934082e+001 -2.551336212158203e+002 -8.454304199218750e+002 
1.006265640258789e+001 -2.551178436279297e+002 -8.455069580078125e+002 
1.033931732177734e+001 -2.548531188964844e+002 -8.497385253906250e+002 
1.006259536743164e+001 -2.551167602539063e+002 -8.457362670898438e+002 
1.020452976226807e+001 -2.550561981201172e+002 -8.484464111328125e+002 
1.031632804870606e+001 -2.548900451660156e+002 -8.495383300781250e+002 
1.037127017974854e+001 -2.544170532226563e+002 -8.552484130859375e+002 
1.037552642822266e+001 -2.547021789550781e+002 -8.504306640625000e+002 
1.035801315307617e+001 -2.546205291748047e+002 -8.525972900390625e+002 
1.036116504669190e+001 -2.545797729492188e+002 -8.531043701171875e+002 

