# AmiraMesh 3D ASCII 2.0


define Lines 192
nVertices 191

Parameters {
    ContentType "HxLineSet"
}

Lines { int LineIdx } @1
Vertices { float[3] Coordinates } @2

# Data section follows
@1
0 
2 
3 
4 
5 
6 
7 
8 
9 
10 
11 
12 
13 
14 
15 
16 
17 
18 
19 
20 
21 
22 
23 
24 
25 
26 
27 
28 
29 
30 
31 
32 
33 
34 
35 
36 
37 
38 
39 
40 
41 
42 
43 
44 
45 
46 
47 
48 
49 
50 
51 
52 
53 
54 
55 
56 
57 
58 
59 
60 
61 
62 
63 
64 
65 
66 
67 
68 
69 
70 
1 
72 
73 
74 
75 
76 
77 
78 
79 
80 
81 
82 
83 
84 
85 
86 
87 
88 
89 
90 
91 
92 
93 
94 
95 
96 
97 
98 
99 
100 
101 
102 
103 
104 
105 
106 
107 
108 
109 
110 
111 
112 
113 
114 
115 
116 
117 
118 
119 
120 
121 
122 
123 
124 
125 
126 
127 
128 
129 
130 
131 
132 
133 
134 
135 
136 
137 
138 
139 
140 
141 
142 
143 
144 
145 
146 
147 
148 
149 
150 
151 
152 
153 
154 
155 
156 
157 
158 
159 
160 
161 
162 
163 
164 
165 
166 
167 
168 
169 
170 
171 
172 
173 
174 
175 
176 
177 
178 
179 
180 
181 
182 
183 
184 
185 
186 
187 
188 
189 
190 
71 
-1 

@2
1.012916564941406e+002 1.048710708618164e+002 1.524176216125488e+001 
1.026069793701172e+002 1.537786865234375e+002 4.349046325683594e+001 
1.012943496704102e+002 1.050151672363281e+002 1.530306434631348e+001 
1.013325653076172e+002 1.069568328857422e+002 1.616384887695313e+001 
1.013359527587891e+002 1.071026611328125e+002 1.623841476440430e+001 
1.013388595581055e+002 1.072118988037109e+002 1.630067253112793e+001 
1.013432540893555e+002 1.073776092529297e+002 1.639532852172852e+001 
1.013852157592773e+002 1.091082916259766e+002 1.730967330932617e+001 
1.014098510742188e+002 1.101893157958984e+002 1.785154914855957e+001 
1.014527740478516e+002 1.119478149414063e+002 1.878573226928711e+001 
1.014700164794922e+002 1.127279357910156e+002 1.916676712036133e+001 
1.014889984130859e+002 1.136796112060547e+002 1.959332656860352e+001 
1.014971847534180e+002 1.141773071289063e+002 1.978418922424316e+001 
1.015127792358398e+002 1.148975219726563e+002 2.012975502014160e+001 
1.015194396972656e+002 1.152608566284180e+002 2.028169631958008e+001 
1.015329895019531e+002 1.159610748291016e+002 2.058767509460449e+001 
1.015407104492188e+002 1.163129425048828e+002 2.075869750976563e+001 
1.015437622070313e+002 1.165747604370117e+002 2.083560752868652e+001 
1.015542297363281e+002 1.173565597534180e+002 2.109045600891113e+001 
1.015650482177734e+002 1.181873397827148e+002 2.135582351684570e+001 
1.015697174072266e+002 1.187543487548828e+002 2.148681449890137e+001 
1.015796661376953e+002 1.196194458007813e+002 2.173847007751465e+001 
1.015899047851563e+002 1.202532501220703e+002 2.197781372070313e+001 
1.016053314208984e+002 1.216422348022461e+002 2.237202835083008e+001 
1.016081314086914e+002 1.218622360229492e+002 2.244099807739258e+001 
1.016098098754883e+002 1.219582824707031e+002 2.247956085205078e+001 
1.016140975952148e+002 1.223779296875000e+002 2.259184265136719e+001 
1.016214904785156e+002 1.229755020141602e+002 2.277536964416504e+001 
1.016231155395508e+002 1.230998306274414e+002 2.281528472900391e+001 
1.016379699707031e+002 1.241148147583008e+002 2.316996002197266e+001 
1.016429138183594e+002 1.245273284912109e+002 2.329355812072754e+001 
1.016554718017578e+002 1.254758148193359e+002 2.360037803649902e+001 
1.016672210693359e+002 1.262353286743164e+002 2.387771797180176e+001 
1.016837539672852e+002 1.273168029785156e+002 2.426865386962891e+001 
1.016862030029297e+002 1.274516448974609e+002 2.432472610473633e+001 
1.016868591308594e+002 1.275075836181641e+002 2.434113502502441e+001 
1.017095336914063e+002 1.289725341796875e+002 2.487598037719727e+001 
1.017141876220703e+002 1.292918701171875e+002 2.498713302612305e+001 
1.017269821166992e+002 1.299902648925781e+002 2.527911186218262e+001 
1.017359466552734e+002 1.304231872558594e+002 2.547942733764648e+001 
1.017445220947266e+002 1.308686218261719e+002 2.567317771911621e+001 
1.017635803222656e+002 1.319324493408203e+002 2.610978698730469e+001 
1.017766571044922e+002 1.326038818359375e+002 2.640493392944336e+001 
1.017984313964844e+002 1.335950622558594e+002 2.688663101196289e+001 
1.018323364257813e+002 1.351668090820313e+002 2.763888549804688e+001 
1.018552551269531e+002 1.361607666015625e+002 2.814190673828125e+001 
1.018701705932617e+002 1.367517089843750e+002 2.846512031555176e+001 
1.019080200195313e+002 1.383050994873047e+002 2.928901672363281e+001 
1.019111480712891e+002 1.384282989501953e+002 2.935676193237305e+001 
1.019117126464844e+002 1.384527587890625e+002 2.936912536621094e+001 
1.019209594726563e+002 1.387895965576172e+002 2.956730651855469e+001 
1.019513626098633e+002 1.398750457763672e+002 3.021677780151367e+001 
1.019554977416992e+002 1.400148010253906e+002 3.030438613891602e+001 
1.019596481323242e+002 1.400749053955078e+002 3.038638305664063e+001 
1.019823074340820e+002 1.402889404296875e+002 3.082470321655273e+001 
1.019983367919922e+002 1.408323974609375e+002 3.116479492187500e+001 
1.020178756713867e+002 1.414618530273438e+002 3.157676696777344e+001 
1.020577087402344e+002 1.426026306152344e+002 3.240620422363281e+001 
1.021043853759766e+002 1.439808654785156e+002 3.338125228881836e+001 
1.021129074096680e+002 1.442121887207031e+002 3.355776596069336e+001 
1.021236038208008e+002 1.444748687744141e+002 3.377707672119141e+001 
1.021639251708984e+002 1.454387054443359e+002 3.460174560546875e+001 
1.021905364990234e+002 1.460455169677734e+002 3.514381790161133e+001 
1.022474365234375e+002 1.473813781738281e+002 3.630601501464844e+001 
1.023179626464844e+002 1.488238220214844e+002 3.772949981689453e+001 
1.024036254882813e+002 1.505119323730469e+002 3.945393753051758e+001 
1.024105072021484e+002 1.506466674804688e+002 3.959234619140625e+001 
1.024156265258789e+002 1.507342071533203e+002 3.969446182250977e+001 
1.024674987792969e+002 1.515468139648438e+002 4.072246551513672e+001 
1.025408248901367e+002 1.527567291259766e+002 4.218050765991211e+001 
1.025472259521484e+002 1.528598632812500e+002 4.230758285522461e+001 
9.960533142089844e+001 1.758151855468750e+002 9.662433624267578e+001 
1.025912628173828e+002 1.539437866210938e+002 4.370444488525391e+001 
1.025018844604492e+002 1.548323516845703e+002 4.498520278930664e+001 
1.024941787719727e+002 1.549047241210938e+002 4.510105514526367e+001 
1.024890441894531e+002 1.549591827392578e+002 4.517046356201172e+001 
1.024723510742188e+002 1.551322937011719e+002 4.540015029907227e+001 
1.023881378173828e+002 1.559922180175781e+002 4.657786941528320e+001 
1.023673324584961e+002 1.562012634277344e+002 4.687323760986328e+001 
1.023256378173828e+002 1.566168518066406e+002 4.746927642822266e+001 
1.022978515625000e+002 1.568857727050781e+002 4.787689590454102e+001 
1.022260513305664e+002 1.576527557373047e+002 4.883699035644531e+001 
1.022041473388672e+002 1.578710021972656e+002 4.915023040771484e+001 
1.021413497924805e+002 1.584691925048828e+002 5.008431625366211e+001 
1.021401672363281e+002 1.584803771972656e+002 5.010216522216797e+001 
1.021388320922852e+002 1.584926300048828e+002 5.012220764160156e+001 
1.020795288085938e+002 1.590141143798828e+002 5.106072616577148e+001 
1.020348968505859e+002 1.594510803222656e+002 5.170900726318359e+001 
1.020016403198242e+002 1.597642669677734e+002 5.220866394042969e+001 
1.019946136474609e+002 1.598350830078125e+002 5.230796051025391e+001 
1.019746246337891e+002 1.600230407714844e+002 5.260819244384766e+001 
1.019281768798828e+002 1.604420928955078e+002 5.332895660400391e+001 
1.018647537231445e+002 1.610292816162109e+002 5.429402923583984e+001 
1.018611450195313e+002 1.610621795654297e+002 5.434971237182617e+001 
1.018563613891602e+002 1.611031341552734e+002 5.442704772949219e+001 
1.017677001953125e+002 1.618862457275391e+002 5.582521820068359e+001 
1.017593765258789e+002 1.619626770019531e+002 5.595249938964844e+001 
1.017000885009766e+002 1.624129180908203e+002 5.698282623291016e+001 
1.016877670288086e+002 1.625400238037109e+002 5.715322875976563e+001 
1.016531372070313e+002 1.628446350097656e+002 5.770101547241211e+001 
1.016273345947266e+002 1.630433044433594e+002 5.814585876464844e+001 
1.015826568603516e+002 1.633927001953125e+002 5.890905761718750e+001 
1.015532989501953e+002 1.636582946777344e+002 5.936406707763672e+001 
1.014925384521484e+002 1.641811676025391e+002 6.033998870849609e+001 
1.014869232177734e+002 1.642255249023438e+002 6.043524169921875e+001 
1.014809570312500e+002 1.642792968750000e+002 6.052797698974609e+001 
1.014170455932617e+002 1.648548431396484e+002 6.152147674560547e+001 
1.014057846069336e+002 1.649544372558594e+002 6.169884109497070e+001 
1.014033203125000e+002 1.649763183593750e+002 6.173755264282227e+001 
1.013513793945313e+002 1.653725280761719e+002 6.263788604736328e+001 
1.013429412841797e+002 1.654430847167969e+002 6.277569580078125e+001 
1.013136291503906e+002 1.656724395751953e+002 6.327648925781250e+001 
1.012897186279297e+002 1.658633880615234e+002 6.367943954467773e+001 
1.012631072998047e+002 1.660664825439453e+002 6.414033508300781e+001 
1.012333831787109e+002 1.663169097900391e+002 6.462487030029297e+001 
1.012265319824219e+002 1.663615417480469e+002 6.475406646728516e+001 
1.011931915283203e+002 1.666577148437500e+002 6.527703857421875e+001 
1.011906661987305e+002 1.666776123046875e+002 6.531950378417969e+001 
1.011891632080078e+002 1.666896362304688e+002 6.534520721435547e+001 
1.011863327026367e+002 1.667053527832031e+002 6.540208435058594e+001 
1.011576080322266e+002 1.668362274169922e+002 6.601432037353516e+001 
1.011465301513672e+002 1.669324188232422e+002 6.619116973876953e+001 
1.011162109375000e+002 1.671500244140625e+002 6.673418426513672e+001 
1.011126480102539e+002 1.671629486083984e+002 6.681458282470703e+001 
1.011065368652344e+002 1.672144470214844e+002 6.691436004638672e+001 
1.010557708740234e+002 1.675644989013672e+002 6.784203338623047e+001 
1.010357360839844e+002 1.677134246826172e+002 6.819403839111328e+001 
1.010016250610352e+002 1.679770507812500e+002 6.878134155273438e+001 
1.009892883300781e+002 1.680820922851563e+002 6.898025512695313e+001 
1.009435729980469e+002 1.684269256591797e+002 6.977822875976563e+001 
1.009378585815430e+002 1.684675598144531e+002 6.988105010986328e+001 
1.009266433715820e+002 1.685732879638672e+002 7.004918670654297e+001 
1.008888702392578e+002 1.688313446044922e+002 7.074266052246094e+001 
1.008570098876953e+002 1.690774688720703e+002 7.129082489013672e+001 
1.008472824096680e+002 1.691405181884766e+002 7.147385406494141e+001 
1.008408508300781e+002 1.692039184570313e+002 7.156655883789063e+001 
1.008133544921875e+002 1.694528045654297e+002 7.199258422851563e+001 
1.007971343994141e+002 1.695043945312500e+002 7.236699676513672e+001 
1.007620849609375e+002 1.697760772705078e+002 7.296889495849609e+001 
1.007549514770508e+002 1.698369140625000e+002 7.308441162109375e+001 
1.007412261962891e+002 1.699315795898438e+002 7.333495330810547e+001 
1.007140426635742e+002 1.700817108154297e+002 7.388026428222656e+001 
1.006927108764648e+002 1.702233581542969e+002 7.427715301513672e+001 
1.006766662597656e+002 1.703054809570313e+002 7.460780334472656e+001 
1.006620941162109e+002 1.704291381835938e+002 7.484390258789063e+001 
1.006459655761719e+002 1.706003417968750e+002 7.506079101562500e+001 
1.006307067871094e+002 1.706765594482422e+002 7.537757873535156e+001 
1.006025390625000e+002 1.708372039794922e+002 7.593611145019531e+001 
1.005695190429688e+002 1.710197296142578e+002 7.659825134277344e+001 
1.005552215576172e+002 1.710930480957031e+002 7.689213562011719e+001 
1.005463638305664e+002 1.711855621337891e+002 7.701309967041016e+001 
1.005237274169922e+002 1.713958587646484e+002 7.735696411132813e+001 
1.005056457519531e+002 1.714531707763672e+002 7.777482604980469e+001 
1.004898757934570e+002 1.714895629882813e+002 7.815687561035156e+001 
1.004621047973633e+002 1.717330474853516e+002 7.859689331054688e+001 
1.004578704833984e+002 1.717633056640625e+002 7.867302703857422e+001 
1.004201354980469e+002 1.719565887451172e+002 7.944955444335938e+001 
1.003941802978516e+002 1.721446838378906e+002 7.991223144531250e+001 
1.003810195922852e+002 1.722259216308594e+002 8.016496276855469e+001 
1.003526611328125e+002 1.724591979980469e+002 8.063479614257813e+001 
1.003374786376953e+002 1.725509033203125e+002 8.092893218994141e+001 
1.003065719604492e+002 1.726378021240234e+002 8.165728759765625e+001 
1.002989959716797e+002 1.726819610595703e+002 8.180603027343750e+001 
1.002691192626953e+002 1.729401550292969e+002 8.228456878662109e+001 
1.002147064208984e+002 1.731999816894531e+002 8.342881774902344e+001 
1.002098922729492e+002 1.732196960449219e+002 8.353452301025391e+001 
1.002089767456055e+002 1.732278137207031e+002 8.354872894287109e+001 
1.002067413330078e+002 1.732388153076172e+002 8.359542083740234e+001 
1.001491851806641e+002 1.735207214355469e+002 8.479657745361328e+001 
1.001248779296875e+002 1.737130432128906e+002 8.520861053466797e+001 
1.001158752441406e+002 1.737341003417969e+002 8.542648315429688e+001 
1.000821838378906e+002 1.738503265380859e+002 8.619301605224609e+001 
1.000441970825195e+002 1.740811309814453e+002 8.692767333984375e+001 
1.000160293579102e+002 1.741849365234375e+002 8.755961608886719e+001 
9.999687194824219e+001 1.743427124023438e+002 8.787657928466797e+001 
9.997787475585938e+001 1.744885253906250e+002 8.820454406738281e+001 
9.995239257812500e+001 1.745309143066406e+002 8.884318542480469e+001 
9.992630004882813e+001 1.745805206298828e+002 8.948878479003906e+001 
9.990571594238281e+001 1.747480468750000e+002 8.983207702636719e+001 
9.988798522949219e+001 1.748885650634766e+002 9.013183593750000e+001 
9.984925079345703e+001 1.749654235839844e+002 9.108718872070313e+001 
9.983960723876953e+001 1.749803466796875e+002 9.133016204833984e+001 
9.983248901367188e+001 1.749914703369141e+002 9.150939178466797e+001 
9.982591247558594e+001 1.750451965332031e+002 9.161890411376953e+001 
9.979622650146484e+001 1.752835083007813e+002 9.211801910400391e+001 
9.976544189453125e+001 1.753358459472656e+002 9.288792419433594e+001 
9.973925781250000e+001 1.753686676025391e+002 9.355803680419922e+001 
9.973233032226563e+001 1.754128570556641e+002 9.368949127197266e+001 
9.969215393066406e+001 1.756885223388672e+002 9.442541503906250e+001 
9.969098663330078e+001 1.756903228759766e+002 9.445499420166016e+001 
9.965542602539063e+001 1.757395477294922e+002 9.535905456542969e+001 

