# AmiraMesh 3D ASCII 2.0


define Lines 136
nVertices 135

Parameters {
    ContentType "HxLineSet"
}

Lines { int LineIdx } @1
Vertices { float[3] Coordinates } @2

# Data section follows
@1
0 
2 
3 
4 
5 
6 
7 
8 
9 
10 
11 
12 
13 
14 
15 
16 
17 
18 
19 
20 
21 
22 
23 
24 
25 
26 
27 
28 
29 
30 
31 
32 
33 
34 
35 
36 
37 
38 
39 
40 
41 
42 
43 
44 
45 
46 
47 
48 
49 
50 
51 
52 
53 
54 
55 
56 
57 
58 
59 
60 
61 
62 
63 
64 
65 
66 
67 
68 
69 
70 
71 
72 
73 
74 
75 
76 
77 
78 
79 
80 
81 
82 
83 
84 
85 
86 
87 
88 
89 
90 
91 
92 
93 
94 
95 
96 
97 
98 
99 
100 
1 
102 
103 
104 
105 
106 
107 
108 
109 
110 
111 
112 
113 
114 
115 
116 
117 
118 
119 
120 
121 
122 
123 
124 
125 
126 
127 
128 
129 
130 
131 
132 
133 
134 
101 
-1 

@2
-1.189547300338745e+000 -2.040247650146484e+002 -2.136653747558594e+002 
-1.142493724822998e+000 -2.126026306152344e+002 -2.539812774658203e+002 
-1.197068333625794e+000 -2.044040832519531e+002 -2.141182861328125e+002 
-1.197595477104187e+000 -2.044308319091797e+002 -2.141507873535156e+002 
-1.201062321662903e+000 -2.046367797851563e+002 -2.144819793701172e+002 
-1.201731681823731e+000 -2.046911926269531e+002 -2.146036987304688e+002 
-1.205509901046753e+000 -2.049404144287109e+002 -2.150617828369141e+002 
-1.206320643424988e+000 -2.050296325683594e+002 -2.153010559082031e+002 
-1.207082390785217e+000 -2.051039886474609e+002 -2.154892578125000e+002 
-1.207677245140076e+000 -2.051938476562500e+002 -2.157608795166016e+002 
-1.208079099655151e+000 -2.053765869140625e+002 -2.164254608154297e+002 
-1.208062052726746e+000 -2.053912353515625e+002 -2.164850921630859e+002 
-1.209521055221558e+000 -2.055431365966797e+002 -2.168817901611328e+002 
-1.209524035453796e+000 -2.055432586669922e+002 -2.168820648193359e+002 
-1.209519147872925e+000 -2.055433349609375e+002 -2.168823242187500e+002 
-1.213016033172607e+000 -2.058795166015625e+002 -2.177229309082031e+002 
-1.217022895812988e+000 -2.062206878662109e+002 -2.185127563476563e+002 
-1.218094944953919e+000 -2.063110656738281e+002 -2.187192840576172e+002 
-1.218686580657959e+000 -2.063498840332031e+002 -2.187879486083984e+002 
-1.219103813171387e+000 -2.063771514892578e+002 -2.188403167724609e+002 
-1.225110292434692e+000 -2.067657318115234e+002 -2.195397338867188e+002 
-1.228416919708252e+000 -2.069864501953125e+002 -2.199513397216797e+002 
-1.233537793159485e+000 -2.073094635009766e+002 -2.205151672363281e+002 
-1.234409332275391e+000 -2.073728027343750e+002 -2.206439666748047e+002 
-1.237216830253601e+000 -2.075251770019531e+002 -2.208555603027344e+002 
-1.238849401473999e+000 -2.076266784667969e+002 -2.210290069580078e+002 
-1.239804267883301e+000 -2.076852264404297e+002 -2.211272888183594e+002 
-1.243930816650391e+000 -2.079631652832031e+002 -2.216510314941406e+002 
-1.245837926864624e+000 -2.080625610351563e+002 -2.217808227539063e+002 
-1.250238299369812e+000 -2.083101196289063e+002 -2.221445770263672e+002 
-1.252283096313477e+000 -2.084354553222656e+002 -2.223542175292969e+002 
-1.253691673278809e+000 -2.085102539062500e+002 -2.224546203613281e+002 
-1.261650919914246e+000 -2.089470672607422e+002 -2.230730895996094e+002 
-1.263226509094238e+000 -2.090366668701172e+002 -2.232081909179688e+002 
-1.271252036094666e+000 -2.095234222412109e+002 -2.240144348144531e+002 
-1.275882482528687e+000 -2.098010253906250e+002 -2.244666748046875e+002 
-1.278049111366272e+000 -2.099376068115234e+002 -2.247043304443359e+002 
-1.281262159347534e+000 -2.101206512451172e+002 -2.249815368652344e+002 
-1.281861066818237e+000 -2.101637268066406e+002 -2.250682373046875e+002 
-1.284823298454285e+000 -2.103826751708984e+002 -2.255203857421875e+002 
-1.285395979881287e+000 -2.104222717285156e+002 -2.255971984863281e+002 
-1.289863586425781e+000 -2.107004394531250e+002 -2.260760192871094e+002 
-1.291637659072876e+000 -2.108404388427734e+002 -2.263803863525391e+002 
-1.292083263397217e+000 -2.108763122558594e+002 -2.264607086181641e+002 
-1.293714404106140e+000 -2.109897460937500e+002 -2.266808013916016e+002 
-1.296566605567932e+000 -2.112010955810547e+002 -2.271194305419922e+002 
-1.300938367843628e+000 -2.115376129150391e+002 -2.278395690917969e+002 
-1.302098631858826e+000 -2.116346893310547e+002 -2.280605010986328e+002 
-1.302662730216980e+000 -2.116889343261719e+002 -2.281960144042969e+002 
-1.304335355758667e+000 -2.118487548828125e+002 -2.285944519042969e+002 
-1.305325508117676e+000 -2.119703674316406e+002 -2.289379577636719e+002 
-1.306440114974976e+000 -2.121057281494141e+002 -2.293149414062500e+002 
-1.306805014610291e+000 -2.121625671386719e+002 -2.294886474609375e+002 
-1.307007908821106e+000 -2.121830444335938e+002 -2.295394592285156e+002 
-1.307657241821289e+000 -2.122410278320313e+002 -2.296781311035156e+002 
-1.308879137039185e+000 -2.123954925537109e+002 -2.301197814941406e+002 
-1.309148073196411e+000 -2.124558105468750e+002 -2.303195648193359e+002 
-1.309714317321777e+000 -2.125799560546875e+002 -2.307306060791016e+002 
-1.310865521430969e+000 -2.129245758056641e+002 -2.319289245605469e+002 
-1.310865879058838e+000 -2.129246673583984e+002 -2.319293365478516e+002 
-1.310868263244629e+000 -2.129248046875000e+002 -2.319298858642578e+002 
-1.309625267982483e+000 -2.130740966796875e+002 -2.326898345947266e+002 
-1.309077739715576e+000 -2.132080688476563e+002 -2.332935485839844e+002 
-1.308526754379273e+000 -2.133192749023438e+002 -2.338082275390625e+002 
-1.307578802108765e+000 -2.133908691406250e+002 -2.342220916748047e+002 
-1.307462930679321e+000 -2.133984985351563e+002 -2.342679443359375e+002 
-1.307302474975586e+000 -2.134287261962891e+002 -2.344090576171875e+002 
-1.306442975997925e+000 -2.135585327148438e+002 -2.350393981933594e+002 
-1.305804491043091e+000 -2.135836791992188e+002 -2.352269592285156e+002 
-1.300503611564636e+000 -2.136829833984375e+002 -2.363533325195313e+002 
-1.298836827278137e+000 -2.137055969238281e+002 -2.366725158691406e+002 
-1.295015811920166e+000 -2.137657775878906e+002 -2.374386901855469e+002 
-1.293558120727539e+000 -2.137922973632813e+002 -2.377452392578125e+002 
-1.291701555252075e+000 -2.137992401123047e+002 -2.380295104980469e+002 
-1.286568403244019e+000 -2.138199768066406e+002 -2.388226928710938e+002 
-1.276560902595520e+000 -2.137706298828125e+002 -2.400141448974609e+002 
-1.273188471794128e+000 -2.137516174316406e+002 -2.404062652587891e+002 
-1.263968229293823e+000 -2.137310028076172e+002 -2.416024017333984e+002 
-1.263381838798523e+000 -2.137284393310547e+002 -2.416730346679688e+002 
-1.262477517127991e+000 -2.137248382568359e+002 -2.417842254638672e+002 
-1.255168914794922e+000 -2.136819152832031e+002 -2.426275634765625e+002 
-1.239634633064270e+000 -2.136021423339844e+002 -2.444648895263672e+002 
-1.239512801170349e+000 -2.136015930175781e+002 -2.444795837402344e+002 
-1.239482283592224e+000 -2.136014404296875e+002 -2.444825897216797e+002 
-1.239367365837097e+000 -2.136005554199219e+002 -2.444956970214844e+002 
-1.229945302009583e+000 -2.135231018066406e+002 -2.454952697753906e+002 
-1.226328253746033e+000 -2.135008239746094e+002 -2.459087524414063e+002 
-1.220675706863403e+000 -2.134525756835938e+002 -2.465014648437500e+002 
-1.216766119003296e+000 -2.134182281494141e+002 -2.469068756103516e+002 
-1.210460186004639e+000 -2.133593292236328e+002 -2.475490264892578e+002 
-1.207210183143616e+000 -2.133284606933594e+002 -2.478775329589844e+002 
-1.204436302185059e+000 -2.133057403564453e+002 -2.481721191406250e+002 
-1.198478698730469e+000 -2.132616271972656e+002 -2.488238067626953e+002 
-1.188138484954834e+000 -2.131595153808594e+002 -2.498533935546875e+002 
-1.181590080261231e+000 -2.130905761718750e+002 -2.504888763427734e+002 
-1.178150177001953e+000 -2.130535583496094e+002 -2.508194885253906e+002 
-1.175182819366455e+000 -2.130179901123047e+002 -2.510908203125000e+002 
-1.169144630432129e+000 -2.129466247558594e+002 -2.516453857421875e+002 
-1.164032936096191e+000 -2.128800964355469e+002 -2.520914916992188e+002 
-1.159384369850159e+000 -2.128229370117188e+002 -2.525099029541016e+002 
-1.146870136260986e+000 -2.126602478027344e+002 -2.536021423339844e+002 
-1.294488191604614e+000 -2.092617492675781e+002 -2.685001220703125e+002 
-1.145198345184326e+000 -2.125614776611328e+002 -2.542532348632813e+002 
-1.153944373130798e+000 -2.124338989257813e+002 -2.551374511718750e+002 
-1.164867281913757e+000 -2.122757415771484e+002 -2.562427673339844e+002 
-1.174088001251221e+000 -2.121289825439453e+002 -2.571652526855469e+002 
-1.185787916183472e+000 -2.119233703613281e+002 -2.583213500976563e+002 
-1.189142227172852e+000 -2.118723907470703e+002 -2.586593017578125e+002 
-1.192860603332520e+000 -2.118162536621094e+002 -2.590345153808594e+002 
-1.201460838317871e+000 -2.116571044921875e+002 -2.598782653808594e+002 
-1.210613131523132e+000 -2.114898376464844e+002 -2.607779541015625e+002 
-1.216416120529175e+000 -2.113557128906250e+002 -2.613272094726563e+002 
-1.219529628753662e+000 -2.112825469970703e+002 -2.616200866699219e+002 
-1.220213055610657e+000 -2.112689819335938e+002 -2.616900024414063e+002 
-1.220620989799500e+000 -2.112598876953125e+002 -2.617257080078125e+002 
-1.224217057228088e+000 -2.111802825927734e+002 -2.620690612792969e+002 
-1.229563713073731e+000 -2.110677185058594e+002 -2.625833740234375e+002 
-1.231487751007080e+000 -2.110221710205078e+002 -2.627650451660156e+002 
-1.235584735870361e+000 -2.109194335937500e+002 -2.631478271484375e+002 
-1.239576578140259e+000 -2.108244934082031e+002 -2.635229797363281e+002 
-1.241378545761108e+000 -2.107834472656250e+002 -2.636935424804688e+002 
-1.243383646011353e+000 -2.107327575683594e+002 -2.638802490234375e+002 
-1.247635841369629e+000 -2.106324768066406e+002 -2.642814941406250e+002 
-1.250595331192017e+000 -2.105713195800781e+002 -2.645669555664063e+002 
-1.256459236145020e+000 -2.104064025878906e+002 -2.651005859375000e+002 
-1.257678031921387e+000 -2.103775634765625e+002 -2.652149963378906e+002 
-1.260748505592346e+000 -2.102925415039063e+002 -2.654951782226563e+002 
-1.268675923347473e+000 -2.100905761718750e+002 -2.662290649414063e+002 
-1.275346517562866e+000 -2.098983154296875e+002 -2.668352966308594e+002 
-1.276103615760803e+000 -2.098761444091797e+002 -2.669020996093750e+002 
-1.276876211166382e+000 -2.098494873046875e+002 -2.669689331054688e+002 
-1.285964131355286e+000 -2.095651245117188e+002 -2.677737121582031e+002 
-1.286378741264343e+000 -2.095534515380859e+002 -2.678101806640625e+002 
-1.287078380584717e+000 -2.095272827148438e+002 -2.678703002929688e+002 
-1.290369033813477e+000 -2.094107208251953e+002 -2.681506347656250e+002 

