# AmiraMesh 3D ASCII 2.0


define Lines 124
nVertices 123

Parameters {
    ContentType "HxLineSet"
}

Lines { int LineIdx } @1
Vertices { float[3] Coordinates } @2

# Data section follows
@1
0 
2 
3 
4 
5 
6 
7 
8 
9 
10 
11 
12 
13 
14 
15 
16 
17 
18 
19 
20 
21 
22 
23 
24 
25 
26 
27 
28 
29 
30 
31 
32 
33 
34 
35 
36 
37 
38 
39 
40 
41 
42 
43 
44 
45 
46 
47 
48 
49 
50 
51 
52 
53 
54 
55 
56 
57 
58 
59 
60 
61 
62 
63 
64 
65 
66 
67 
68 
69 
70 
71 
72 
73 
74 
75 
76 
77 
78 
79 
80 
81 
82 
83 
84 
85 
86 
87 
88 
89 
90 
91 
92 
93 
94 
95 
96 
97 
98 
99 
100 
101 
102 
103 
104 
105 
106 
107 
108 
109 
110 
111 
112 
113 
114 
115 
116 
117 
118 
119 
120 
121 
122 
1 
-1 

@2
3.853749084472656e+001 7.828947448730469e+001 -1.848444938659668e+001 
3.775446701049805e+001 2.734772872924805e+001 -7.360566854476929e-001 
3.853472137451172e+001 7.815518188476563e+001 -1.826883316040039e+001 
3.853285217285156e+001 7.807315826416016e+001 -1.809561347961426e+001 
3.852945327758789e+001 7.790196990966797e+001 -1.785302734375000e+001 
3.851978302001953e+001 7.741009521484375e+001 -1.717932510375977e+001 
3.851634216308594e+001 7.723344421386719e+001 -1.694435501098633e+001 
3.851306533813477e+001 7.705071258544922e+001 -1.676960182189941e+001 
3.850547027587891e+001 7.663471984863281e+001 -1.633796691894531e+001 
3.849686813354492e+001 7.615890502929688e+001 -1.586649227142334e+001 
3.849418640136719e+001 7.601495361328125e+001 -1.570487022399902e+001 
3.848832702636719e+001 7.568658447265625e+001 -1.539679622650147e+001 
3.847954559326172e+001 7.520265197753906e+001 -1.490910911560059e+001 
3.847618865966797e+001 7.500988006591797e+001 -1.474859046936035e+001 
3.846284103393555e+001 7.427600097656250e+001 -1.400034141540527e+001 
3.846090698242188e+001 7.417300415039063e+001 -1.388061046600342e+001 
3.845832061767578e+001 7.403196716308594e+001 -1.373155403137207e+001 
3.844764328002930e+001 7.344996643066406e+001 -1.311653423309326e+001 
3.844686889648438e+001 7.341021728515625e+001 -1.306314659118652e+001 
3.844654846191406e+001 7.339884185791016e+001 -1.302508354187012e+001 
3.844285583496094e+001 7.320984649658203e+001 -1.277134704589844e+001 
3.844244003295898e+001 7.318555450439453e+001 -1.275328636169434e+001 
3.843717956542969e+001 7.290297698974609e+001 -1.243615150451660e+001 
3.843620681762695e+001 7.284954833984375e+001 -1.238207435607910e+001 
3.843026351928711e+001 7.253028869628906e+001 -1.202444648742676e+001 
3.842163848876953e+001 7.207361602783203e+001 -1.148216438293457e+001 
3.842048645019531e+001 7.201132202148438e+001 -1.141457939147949e+001 
3.841893005371094e+001 7.192540740966797e+001 -1.132869911193848e+001 
3.840788650512695e+001 7.130563354492188e+001 -1.075117301940918e+001 
3.840564346313477e+001 7.118643188476563e+001 -1.061089229583740e+001 
3.840354156494141e+001 7.107120513916016e+001 -1.049223136901856e+001 
3.839284515380859e+001 7.047544097900391e+001 -9.918190956115723e+000 
3.838856124877930e+001 7.023751068115234e+001 -9.687107086181641e+000 
3.838154983520508e+001 6.984012603759766e+001 -9.333212852478027e+000 
3.837411499023438e+001 6.942081451416016e+001 -8.951910018920898e+000 
3.836676025390625e+001 6.899594879150391e+001 -8.607403755187988e+000 
3.835863876342773e+001 6.852359008789063e+001 -8.238094329833984e+000 
3.835472869873047e+001 6.829147338867188e+001 -8.074937820434570e+000 
3.834706878662109e+001 6.783805084228516e+001 -7.753917217254639e+000 
3.833877944946289e+001 6.733786773681641e+001 -7.436081886291504e+000 
3.833250808715820e+001 6.695944213867188e+001 -7.195668220520020e+000 
3.832778549194336e+001 6.667371368408203e+001 -7.016755104064941e+000 
3.832294845581055e+001 6.638316345214844e+001 -6.827827930450440e+000 
3.831932449340820e+001 6.616391754150391e+001 -6.691231727600098e+000 
3.831138610839844e+001 6.567657470703125e+001 -6.414748668670654e+000 
3.830616760253906e+001 6.535469055175781e+001 -6.238338470458984e+000 
3.829876708984375e+001 6.489765930175781e+001 -5.991187095642090e+000 
3.828473281860352e+001 6.402971649169922e+001 -5.522315502166748e+000 
3.827998733520508e+001 6.373456954956055e+001 -5.368227481842041e+000 
3.827628326416016e+001 6.350325775146484e+001 -5.252151489257813e+000 
3.826607894897461e+001 6.285869598388672e+001 -4.958572387695313e+000 
3.826185607910156e+001 6.259005737304688e+001 -4.843182563781738e+000 
3.825623321533203e+001 6.223192977905273e+001 -4.689351558685303e+000 
3.824841690063477e+001 6.173602294921875e+001 -4.470812797546387e+000 
3.823960113525391e+001 6.116098022460938e+001 -4.275694370269775e+000 
3.823817062377930e+001 6.106852722167969e+001 -4.240828514099121e+000 
3.823686599731445e+001 6.098274230957031e+001 -4.214542388916016e+000 
3.822932052612305e+001 6.048368453979492e+001 -4.069934368133545e+000 
3.822799301147461e+001 6.039564514160156e+001 -4.046057701110840e+000 
3.821457290649414e+001 5.950300979614258e+001 -3.807177305221558e+000 
3.821225357055664e+001 5.934616851806641e+001 -3.774318218231201e+000 
3.820391464233398e+001 5.878424072265625e+001 -3.648866891860962e+000 
3.820117950439453e+001 5.859959030151367e+001 -3.609188318252564e+000 
3.818812179565430e+001 5.770737075805664e+001 -3.454079627990723e+000 
3.818500518798828e+001 5.749620819091797e+001 -3.412115097045898e+000 
3.817864227294922e+001 5.706688690185547e+001 -3.319019317626953e+000 
3.817326736450195e+001 5.670100784301758e+001 -3.250259399414063e+000 
3.817171859741211e+001 5.659682846069336e+001 -3.226754426956177e+000 
3.815716934204102e+001 5.561845397949219e+001 -3.001949310302734e+000 
3.815120697021484e+001 5.522392272949219e+001 -2.888072729110718e+000 
3.814421081542969e+001 5.475859832763672e+001 -2.764689445495606e+000 
3.813199996948242e+001 5.395026016235352e+001 -2.533708810806274e+000 
3.812817382812500e+001 5.369775009155273e+001 -2.458476066589356e+000 
3.811489486694336e+001 5.281285095214844e+001 -2.227704286575317e+000 
3.810753250122070e+001 5.231974792480469e+001 -2.107037782669067e+000 
3.809593963623047e+001 5.154916381835938e+001 -1.898995280265808e+000 
3.809159851074219e+001 5.125691986083984e+001 -1.832674980163574e+000 
3.808221435546875e+001 5.062442779541016e+001 -1.691569089889526e+000 
3.807746505737305e+001 5.030466461181641e+001 -1.621604204177856e+000 
3.806770706176758e+001 4.964723205566406e+001 -1.474660158157349e+000 
3.805842590332031e+001 4.902008056640625e+001 -1.341656208038330e+000 
3.804795837402344e+001 4.830847167968750e+001 -1.206065416336060e+000 
3.804641723632813e+001 4.820510482788086e+001 -1.181350350379944e+000 
3.804395294189453e+001 4.803483963012695e+001 -1.157875418663025e+000 
3.803499984741211e+001 4.742219161987305e+001 -1.054203987121582e+000 
3.803456115722656e+001 4.739228439331055e+001 -1.048897385597229e+000 
3.803364562988281e+001 4.732954788208008e+001 -1.039338350296021e+000 
3.801837539672852e+001 4.628894805908203e+001 -8.492680788040161e-001 
3.800806427001953e+001 4.558934783935547e+001 -7.100856304168701e-001 
3.800152587890625e+001 4.514141845703125e+001 -6.373292207717896e-001 
3.799338531494141e+001 4.458020782470703e+001 -5.575623512268066e-001 
3.798346328735352e+001 4.389884567260742e+001 -4.505726993083954e-001 
3.798274612426758e+001 4.384896087646484e+001 -4.452647566795349e-001 
3.798222351074219e+001 4.381297302246094e+001 -4.400353431701660e-001 
3.797357559204102e+001 4.321092987060547e+001 -3.752892613410950e-001 
3.796142959594727e+001 4.236851501464844e+001 -2.728722095489502e-001 
3.795237350463867e+001 4.173682022094727e+001 -2.082096487283707e-001 
3.794004058837891e+001 4.087814712524414e+001 -1.151468083262444e-001 
3.792910003662109e+001 4.011472320556641e+001 -3.765774518251419e-002 
3.792575073242188e+001 3.988088226318359e+001 -1.535556185990572e-002 
3.791521453857422e+001 3.913379669189453e+001 1.914684474468231e-002 
3.790640258789063e+001 3.850671768188477e+001 4.114820808172226e-002 
3.789808654785156e+001 3.790619659423828e+001 3.250371292233467e-002 
3.789060211181641e+001 3.736747360229492e+001 3.027584590017796e-002 
3.788500976562500e+001 3.696305847167969e+001 2.218019589781761e-002 
3.787178802490234e+001 3.600209045410156e+001 -1.094501186162233e-002 
3.786722183227539e+001 3.566770172119141e+001 -3.068508207798004e-002 
3.786495971679688e+001 3.549972915649414e+001 -4.968930780887604e-002 
3.785882186889648e+001 3.505112075805664e+001 -7.314292341470718e-002 
3.784628677368164e+001 3.413225555419922e+001 -1.311515718698502e-001 
3.783879089355469e+001 3.358556747436523e+001 -1.556800007820129e-001 
3.782868957519531e+001 3.285364532470703e+001 -1.752944886684418e-001 
3.780892944335938e+001 3.141853141784668e+001 -2.223866879940033e-001 
3.780816268920898e+001 3.136251831054688e+001 -2.248390167951584e-001 
3.780699157714844e+001 3.127769279479981e+001 -2.268419712781906e-001 
3.780086517333984e+001 3.082582473754883e+001 -2.648376524448395e-001 
3.779280471801758e+001 3.024132347106934e+001 -2.814303636550903e-001 
3.778934478759766e+001 2.998735427856445e+001 -2.985850870609283e-001 
3.778585433959961e+001 2.972892761230469e+001 -3.237069845199585e-001 
3.777813720703125e+001 2.914991188049316e+001 -4.035136401653290e-001 
3.777096176147461e+001 2.860298919677734e+001 -5.061700940132141e-001 
3.776304244995117e+001 2.800005912780762e+001 -6.168445944786072e-001 
3.775815200805664e+001 2.762790679931641e+001 -6.847273707389832e-001 

