# AmiraMesh 3D ASCII 2.0


define Lines 127
nVertices 126

Parameters {
    ContentType "HxLineSet"
}

Lines { int LineIdx } @1
Vertices { float[3] Coordinates } @2

# Data section follows
@1
0 
2 
3 
4 
5 
6 
7 
8 
9 
10 
11 
12 
13 
14 
15 
16 
17 
18 
19 
20 
21 
22 
23 
24 
25 
26 
27 
28 
29 
30 
31 
32 
33 
34 
35 
36 
37 
38 
39 
40 
41 
42 
43 
44 
45 
46 
47 
48 
49 
50 
51 
52 
53 
54 
55 
56 
57 
1 
59 
60 
61 
62 
63 
64 
65 
66 
67 
68 
69 
70 
71 
72 
73 
74 
75 
76 
77 
78 
79 
80 
81 
82 
83 
84 
85 
86 
87 
88 
89 
90 
91 
92 
93 
94 
95 
96 
97 
58 
99 
100 
101 
102 
103 
104 
105 
106 
107 
108 
109 
110 
111 
112 
113 
114 
115 
116 
117 
118 
119 
120 
121 
122 
123 
124 
125 
98 
-1 

@2
-1.502154946327210e+000 -1.459017848968506e+001 -1.120294677734375e+003 
-1.535617351531982e+000 1.338742971420288e+000 -1.116441406250000e+003 
-1.498786926269531e+000 -1.434726905822754e+001 -1.119992797851563e+003 
-1.498629570007324e+000 -1.402531051635742e+001 -1.119631225585938e+003 
-1.501246333122253e+000 -1.384488201141357e+001 -1.119477783203125e+003 
-1.503770112991333e+000 -1.370502567291260e+001 -1.119323730468750e+003 
-1.508291363716126e+000 -1.347880744934082e+001 -1.119059448242188e+003 
-1.508014917373657e+000 -1.329467010498047e+001 -1.118961425781250e+003 
-1.505161404609680e+000 -1.298311805725098e+001 -1.118711791992188e+003 
-1.518511772155762e+000 -1.267789173126221e+001 -1.118622680664063e+003 
-1.529053211212158e+000 -1.233768463134766e+001 -1.118435302734375e+003 
-1.542089223861694e+000 -1.196464347839356e+001 -1.118206787109375e+003 
-1.547734260559082e+000 -1.171124458312988e+001 -1.118136840820313e+003 
-1.555316567420960e+000 -1.124888610839844e+001 -1.117942871093750e+003 
-1.559134364128113e+000 -1.099034690856934e+001 -1.117824218750000e+003 
-1.563312172889710e+000 -1.080042743682861e+001 -1.117783691406250e+003 
-1.575833797454834e+000 -1.040435409545898e+001 -1.117769897460938e+003 
-1.595948219299316e+000 -9.783699035644531e+000 -1.117755004882813e+003 
-1.617761135101318e+000 -9.178982734680176e+000 -1.117769287109375e+003 
-1.620867729187012e+000 -9.089008331298828e+000 -1.117769287109375e+003 
-1.631197929382324e+000 -8.738626480102539e+000 -1.117823852539063e+003 
-1.644526958465576e+000 -8.434228897094727e+000 -1.117831054687500e+003 
-1.662486076354981e+000 -8.205745697021484e+000 -1.117795410156250e+003 
-1.666831612586975e+000 -7.859458923339844e+000 -1.117808715820313e+003 
-1.670078992843628e+000 -7.348538398742676e+000 -1.117836425781250e+003 
-1.656931161880493e+000 -7.051432609558106e+000 -1.117890991210938e+003 
-1.656357049942017e+000 -6.650220394134522e+000 -1.117906982421875e+003 
-1.652896404266357e+000 -6.135144233703613e+000 -1.117945068359375e+003 
-1.638642668724060e+000 -5.379498481750488e+000 -1.118066772460938e+003 
-1.637856721878052e+000 -5.311502933502197e+000 -1.118090698242188e+003 
-1.633855104446411e+000 -5.238337993621826e+000 -1.118085937500000e+003 
-1.612640738487244e+000 -4.849365234375000e+000 -1.118057250976563e+003 
-1.596639633178711e+000 -4.484981060028076e+000 -1.118123535156250e+003 
-1.593533039093018e+000 -4.417395114898682e+000 -1.118134033203125e+003 
-1.590030431747437e+000 -4.348574638366699e+000 -1.118116577148438e+003 
-1.540002942085266e+000 -3.363943099975586e+000 -1.117864013671875e+003 
-1.516180872917175e+000 -2.884653806686401e+000 -1.117647094726563e+003 
-1.514220714569092e+000 -2.855429410934448e+000 -1.117643676757813e+003 
-1.507137179374695e+000 -2.772277355194092e+000 -1.117646240234375e+003 
-1.464706659317017e+000 -2.170857667922974e+000 -1.117622314453125e+003 
-1.492433786392212e+000 -1.913248538970947e+000 -1.117478149414063e+003 
-1.505371570587158e+000 -1.597617983818054e+000 -1.117388427734375e+003 
-1.509070396423340e+000 -1.446300506591797e+000 -1.117360229492188e+003 
-1.527824640274048e+000 -9.450928568840027e-001 -1.117238159179688e+003 
-1.531527161598206e+000 -8.364533185958862e-001 -1.117222290039063e+003 
-1.531060218811035e+000 -8.210666179656982e-001 -1.117213745117188e+003 
-1.528148293495178e+000 -3.950798213481903e-001 -1.117116577148438e+003 
-1.525980710983276e+000 -3.608440607786179e-002 -1.116886108398438e+003 
-1.526441931724548e+000 2.040822654962540e-001 -1.116779541015625e+003 
-1.528846383094788e+000 3.789858818054199e-001 -1.116745849609375e+003 
-1.529045343399048e+000 4.204744398593903e-001 -1.116746093750000e+003 
-1.534867525100708e+000 7.857868075370789e-001 -1.116714111328125e+003 
-1.536800265312195e+000 9.152410626411438e-001 -1.116705566406250e+003 
-1.537078619003296e+000 9.260737895965576e-001 -1.116702392578125e+003 
-1.537036895751953e+000 9.324277639389038e-001 -1.116702758789063e+003 
-1.537128210067749e+000 9.417669177055359e-001 -1.116698974609375e+003 
-1.537216305732727e+000 1.261072754859924e+000 -1.116497314453125e+003 
-1.535844683647156e+000 1.319091916084290e+000 -1.116446044921875e+003 
-1.085552096366882e+000 1.628196525573731e+001 -1.114905517578125e+003 
-1.536133170127869e+000 1.602173089981079e+000 -1.116379638671875e+003 
-1.535547256469727e+000 1.891371846199036e+000 -1.116324951171875e+003 
-1.533403515815735e+000 2.251275300979614e+000 -1.116136474609375e+003 
-1.532581448554993e+000 2.368022918701172e+000 -1.116073974609375e+003 
-1.523329615592957e+000 3.240172624588013e+000 -1.115982421875000e+003 
-1.520976066589356e+000 3.479788303375244e+000 -1.115952270507813e+003 
-1.520587325096130e+000 3.512156486511231e+000 -1.115946899414063e+003 
-1.517961144447327e+000 3.931501150131226e+000 -1.115751098632813e+003 
-1.512133955955505e+000 4.153115272521973e+000 -1.115694580078125e+003 
-1.505872845649719e+000 4.420178413391113e+000 -1.115666503906250e+003 
-1.491390347480774e+000 5.011352539062500e+000 -1.115561767578125e+003 
-1.488113403320313e+000 5.093153476715088e+000 -1.115561645507813e+003 
-1.467033386230469e+000 5.795432090759277e+000 -1.115343872070313e+003 
-1.458951234817505e+000 6.068536758422852e+000 -1.115266601562500e+003 
-1.450052976608276e+000 6.375264167785645e+000 -1.115190429687500e+003 
-1.445097088813782e+000 6.627289772033691e+000 -1.115172851562500e+003 
-1.430658340454102e+000 7.119119644165039e+000 -1.115091552734375e+003 
-1.415403127670288e+000 7.727731704711914e+000 -1.115043823242188e+003 
-1.405773282051086e+000 8.144313812255859e+000 -1.114977539062500e+003 
-1.392639994621277e+000 8.703556060791016e+000 -1.114895751953125e+003 
-1.388585329055786e+000 8.893522262573242e+000 -1.114849853515625e+003 
-1.378971457481384e+000 9.108766555786133e+000 -1.114858154296875e+003 
-1.377108573913574e+000 9.415585517883301e+000 -1.114781982421875e+003 
-1.363345026969910e+000 1.010447597503662e+001 -1.114715087890625e+003 
-1.361698985099793e+000 1.018731403350830e+001 -1.114707031250000e+003 
-1.358571887016296e+000 1.031897354125977e+001 -1.114709350585938e+003 
-1.333129644393921e+000 1.102752304077148e+001 -1.114627441406250e+003 
-1.342650175094605e+000 1.149272346496582e+001 -1.114696411132813e+003 
-1.351811170578003e+000 1.181804180145264e+001 -1.114756591796875e+003 
-1.336013078689575e+000 1.229887008666992e+001 -1.114616699218750e+003 
-1.327494382858276e+000 1.250423812866211e+001 -1.114617065429688e+003 
-1.317983627319336e+000 1.270882225036621e+001 -1.114624877929688e+003 
-1.294278621673584e+000 1.305570030212402e+001 -1.114717407226563e+003 
-1.268582582473755e+000 1.344107055664063e+001 -1.114712768554688e+003 
-1.250204324722290e+000 1.371490478515625e+001 -1.114706298828125e+003 
-1.188920378684998e+000 1.464904403686523e+001 -1.114777587890625e+003 
-1.188280820846558e+000 1.465899753570557e+001 -1.114777709960938e+003 
-1.103313565254211e+000 1.597598266601563e+001 -1.114810302734375e+003 
-1.099237918853760e+000 1.611420440673828e+001 -1.114867065429688e+003 
-9.133804440498352e-001 2.721702003479004e+001 -1.115703613281250e+003 
-1.087520480155945e+000 1.669179534912109e+001 -1.114985595703125e+003 
-1.084543943405151e+000 1.696513366699219e+001 -1.115027099609375e+003 
-1.006739139556885e+000 1.774098014831543e+001 -1.114896728515625e+003 
-1.003920912742615e+000 1.777682304382324e+001 -1.114895019531250e+003 
-9.999495744705200e-001 1.786852836608887e+001 -1.114906127929688e+003 
-9.814672470092773e-001 1.841974830627441e+001 -1.114989501953125e+003 
-9.951213002204895e-001 1.879973220825195e+001 -1.115102294921875e+003 
-9.799596071243286e-001 1.912168312072754e+001 -1.115095947265625e+003 
-9.424270391464233e-001 1.973798561096191e+001 -1.115126953125000e+003 
-9.563556909561157e-001 1.991940498352051e+001 -1.115063232421875e+003 
-9.883275032043457e-001 2.010438346862793e+001 -1.114956176757813e+003 
-9.752967953681946e-001 2.083827018737793e+001 -1.114921264648438e+003 
-9.723870754241943e-001 2.098459053039551e+001 -1.114916381835938e+003 
-9.717926979064941e-001 2.108431243896484e+001 -1.114905273437500e+003 
-9.606294631958008e-001 2.170230484008789e+001 -1.114943115234375e+003 
-9.550000429153442e-001 2.200373077392578e+001 -1.114957763671875e+003 
-9.572938084602356e-001 2.236384582519531e+001 -1.115034179687500e+003 
-9.458634853363037e-001 2.274293518066406e+001 -1.115056884765625e+003 
-9.448293447494507e-001 2.298986816406250e+001 -1.115115600585938e+003 
-9.269845485687256e-001 2.434980010986328e+001 -1.115250610351563e+003 
-9.264277815818787e-001 2.440052795410156e+001 -1.115256591796875e+003 
-9.264146089553833e-001 2.443147087097168e+001 -1.115262084960938e+003 
-9.146178960800171e-001 2.554549789428711e+001 -1.115413085937500e+003 
-9.138910770416260e-001 2.578269577026367e+001 -1.115450927734375e+003 
-9.219617247581482e-001 2.653693389892578e+001 -1.115602661132813e+003 
-9.233407974243164e-001 2.665043449401856e+001 -1.115625976562500e+003 
-9.150526523590088e-001 2.708693504333496e+001 -1.115682617187500e+003 

