# AmiraMesh 3D ASCII 2.0


define Lines 142
nVertices 141

Parameters {
    ContentType "HxLineSet"
}

Lines { int LineIdx } @1
Vertices { float[3] Coordinates } @2

# Data section follows
@1
0 
2 
3 
4 
5 
6 
7 
8 
9 
10 
11 
12 
13 
14 
15 
16 
17 
18 
19 
20 
21 
22 
23 
24 
25 
26 
27 
28 
29 
30 
31 
32 
33 
34 
35 
36 
37 
38 
39 
40 
41 
42 
43 
44 
45 
46 
47 
48 
49 
50 
51 
52 
53 
54 
55 
56 
57 
58 
59 
60 
61 
1 
63 
64 
65 
66 
67 
68 
69 
70 
71 
72 
73 
74 
75 
76 
77 
78 
79 
80 
81 
82 
83 
84 
85 
86 
87 
88 
89 
90 
91 
92 
93 
94 
95 
96 
97 
98 
99 
100 
101 
102 
103 
104 
105 
106 
107 
62 
109 
110 
111 
112 
113 
114 
115 
116 
117 
118 
119 
120 
121 
122 
123 
124 
125 
126 
127 
128 
129 
130 
131 
132 
133 
134 
135 
136 
137 
138 
139 
140 
108 
-1 

@2
-2.162097930908203e+000 -1.130427932739258e+001 -1.261613647460938e+003 
-2.506778717041016e+000 5.046827316284180e+000 -1.255757446289063e+003 
-2.161859750747681e+000 -1.121626281738281e+001 -1.261546875000000e+003 
-2.161706924438477e+000 -1.094610977172852e+001 -1.261352050781250e+003 
-2.160466909408569e+000 -1.040456962585449e+001 -1.260945434570313e+003 
-2.161980152130127e+000 -1.026039695739746e+001 -1.260868286132813e+003 
-2.165326833724976e+000 -1.008711910247803e+001 -1.260801147460938e+003 
-2.174739837646484e+000 -9.690266609191895e+000 -1.260676513671875e+003 
-2.185743093490601e+000 -9.351812362670898e+000 -1.260620239257813e+003 
-2.192282915115356e+000 -9.168302536010742e+000 -1.260599365234375e+003 
-2.215337038040161e+000 -8.578138351440430e+000 -1.260566406250000e+003 
-2.218889951705933e+000 -8.490087509155273e+000 -1.260563232421875e+003 
-2.219475507736206e+000 -8.479545593261719e+000 -1.260565673828125e+003 
-2.221063852310181e+000 -8.446617126464844e+000 -1.260568847656250e+003 
-2.245451927185059e+000 -8.029491424560547e+000 -1.260681152343750e+003 
-2.263749837875366e+000 -7.629934310913086e+000 -1.260703857421875e+003 
-2.267083168029785e+000 -7.537212371826172e+000 -1.260693847656250e+003 
-2.282999038696289e+000 -7.122991561889648e+000 -1.260666137695313e+003 
-2.287839412689209e+000 -7.010996341705322e+000 -1.260667724609375e+003 
-2.289518356323242e+000 -6.975472450256348e+000 -1.260670654296875e+003 
-2.290286302566528e+000 -6.954156398773193e+000 -1.260668212890625e+003 
-2.316797018051148e+000 -6.414896488189697e+000 -1.260729492187500e+003 
-2.331182479858398e+000 -6.174334526062012e+000 -1.260799804687500e+003 
-2.339815616607666e+000 -5.964990615844727e+000 -1.260795776367188e+003 
-2.347098827362061e+000 -5.711813926696777e+000 -1.260737304687500e+003 
-2.356038808822632e+000 -5.449825763702393e+000 -1.260701171875000e+003 
-2.363132953643799e+000 -5.312023639678955e+000 -1.260721923828125e+003 
-2.375972986221314e+000 -5.087013244628906e+000 -1.260777465820313e+003 
-2.378169775009155e+000 -5.039994239807129e+000 -1.260780883789063e+003 
-2.379637241363525e+000 -4.975613594055176e+000 -1.260759765625000e+003 
-2.386057138442993e+000 -4.681169986724854e+000 -1.260657714843750e+003 
-2.388347864151001e+000 -4.562987327575684e+000 -1.260612304687500e+003 
-2.396274089813232e+000 -4.329165458679199e+000 -1.260578735351563e+003 
-2.416858434677124e+000 -4.048998832702637e+000 -1.260724853515625e+003 
-2.427562952041626e+000 -3.827132701873779e+000 -1.260746459960938e+003 
-2.437902688980103e+000 -3.442883729934692e+000 -1.260646484375000e+003 
-2.439718484878540e+000 -3.378439903259277e+000 -1.260631103515625e+003 
-2.441815614700317e+000 -3.328253507614136e+000 -1.260630615234375e+003 
-2.458430767059326e+000 -2.942982673645020e+000 -1.260635253906250e+003 
-2.465664386749268e+000 -2.606653690338135e+000 -1.260517089843750e+003 
-2.471398353576660e+000 -2.037899017333984e+000 -1.260208374023438e+003 
-2.471445798873901e+000 -2.033375024795532e+000 -1.260205932617188e+003 
-2.472236633300781e+000 -1.249377489089966e+000 -1.259660888671875e+003 
-2.471501350402832e+000 -9.551777839660645e-001 -1.259439208984375e+003 
-2.469534397125244e+000 -1.566678434610367e-001 -1.258837524414063e+003 
-2.469606161117554e+000 -9.225247427821159e-003 -1.258733520507813e+003 
-2.469475030899048e+000 4.734544828534126e-002 -1.258690551757813e+003 
-2.469302654266357e+000 5.304024815559387e-001 -1.258344360351563e+003 
-2.469501495361328e+000 7.262896299362183e-001 -1.258208251953125e+003 
-2.473020553588867e+000 1.175122022628784e+000 -1.257947753906250e+003 
-2.470521211624146e+000 1.765032410621643e+000 -1.257485595703125e+003 
-2.470633506774902e+000 1.853552222251892e+000 -1.257424438476563e+003 
-2.475175619125366e+000 2.593325614929199e+000 -1.256973999023438e+003 
-2.478423118591309e+000 2.945471286773682e+000 -1.256777587890625e+003 
-2.481593608856201e+000 3.097863674163818e+000 -1.256722045898438e+003 
-2.489935159683228e+000 3.753316879272461e+000 -1.256395629882813e+003 
-2.490904092788696e+000 3.825871706008911e+000 -1.256360351562500e+003 
-2.491098403930664e+000 3.836894035339356e+000 -1.256355712890625e+003 
-2.491175889968872e+000 3.860124349594116e+000 -1.256340454101563e+003 
-2.497986316680908e+000 4.444206237792969e+000 -1.256039306640625e+003 
-2.505485057830811e+000 4.854357242584229e+000 -1.255872802734375e+003 
-2.506660223007202e+000 5.017548561096191e+000 -1.255776245117188e+003 
-2.322478532791138e+000 2.070116233825684e+001 -1.252752075195313e+003 
-2.499303340911865e+000 5.283296585083008e+000 -1.255606079101563e+003 
-2.495636463165283e+000 5.538182258605957e+000 -1.255541748046875e+003 
-2.492188930511475e+000 5.964215278625488e+000 -1.255495727539063e+003 
-2.488705635070801e+000 6.107449531555176e+000 -1.255428222656250e+003 
-2.478204250335693e+000 6.697881221771240e+000 -1.255233764648438e+003 
-2.475553989410400e+000 6.930240154266357e+000 -1.255191162109375e+003 
-2.465278863906860e+000 7.420194625854492e+000 -1.254995117187500e+003 
-2.462763547897339e+000 7.563955307006836e+000 -1.254948852539063e+003 
-2.457455635070801e+000 8.090856552124023e+000 -1.254867919921875e+003 
-2.456413030624390e+000 8.218121528625488e+000 -1.254854003906250e+003 
-2.452673912048340e+000 8.413364410400391e+000 -1.254783813476563e+003 
-2.446509838104248e+000 8.977315902709961e+000 -1.254686035156250e+003 
-2.443778276443481e+000 9.141668319702148e+000 -1.254636596679688e+003 
-2.442932605743408e+000 9.234459877014160e+000 -1.254624511718750e+003 
-2.435270786285400e+000 9.590440750122070e+000 -1.254477783203125e+003 
-2.428611755371094e+000 1.008938217163086e+001 -1.254364013671875e+003 
-2.426907539367676e+000 1.021772193908691e+001 -1.254334960937500e+003 
-2.419643640518189e+000 1.061133098602295e+001 -1.254200561523438e+003 
-2.417770385742188e+000 1.096001052856445e+001 -1.254183349609375e+003 
-2.415714025497437e+000 1.119581985473633e+001 -1.254154541015625e+003 
-2.408706665039063e+000 1.157029914855957e+001 -1.254023681640625e+003 
-2.397230625152588e+000 1.238067817687988e+001 -1.253824584960938e+003 
-2.396037578582764e+000 1.253291606903076e+001 -1.253808837890625e+003 
-2.390802383422852e+000 1.304998588562012e+001 -1.253728759765625e+003 
-2.385524988174439e+000 1.335947608947754e+001 -1.253632446289063e+003 
-2.381138801574707e+000 1.374109077453613e+001 -1.253561523437500e+003 
-2.377348423004150e+000 1.416914272308350e+001 -1.253507812500000e+003 
-2.369850158691406e+000 1.486672878265381e+001 -1.253390136718750e+003 
-2.368878841400147e+000 1.494093227386475e+001 -1.253373413085938e+003 
-2.368073701858521e+000 1.500607490539551e+001 -1.253360107421875e+003 
-2.360972404479981e+000 1.541217899322510e+001 -1.253229614257813e+003 
-2.356730461120606e+000 1.580484580993652e+001 -1.253162841796875e+003 
-2.354633808135986e+000 1.614191246032715e+001 -1.253140502929688e+003 
-2.345750570297241e+000 1.698728942871094e+001 -1.253002441406250e+003 
-2.345610618591309e+000 1.705137634277344e+001 -1.253004394531250e+003 
-2.344387054443359e+000 1.714016723632813e+001 -1.252982910156250e+003 
-2.343009233474731e+000 1.735216140747070e+001 -1.252967529296875e+003 
-2.337479352951050e+000 1.822202873229981e+001 -1.252907104492188e+003 
-2.334687948226929e+000 1.858422279357910e+001 -1.252870971679688e+003 
-2.333669185638428e+000 1.870984458923340e+001 -1.252857177734375e+003 
-2.328325986862183e+000 1.933049774169922e+001 -1.252782470703125e+003 
-2.324452877044678e+000 1.977981567382813e+001 -1.252728271484375e+003 
-2.323644161224365e+000 2.003356552124023e+001 -1.252728881835938e+003 
-2.324202537536621e+000 2.049108123779297e+001 -1.252775634765625e+003 
-2.324120521545410e+000 2.050123786926270e+001 -1.252774658203125e+003 
-2.133200407028198e+000 3.319953155517578e+001 -1.254183349609375e+003 
-2.301292181015015e+000 2.121107673645020e+001 -1.252695068359375e+003 
-2.287929534912109e+000 2.161876678466797e+001 -1.252680175781250e+003 
-2.284389495849609e+000 2.173182487487793e+001 -1.252677368164063e+003 
-2.280605316162109e+000 2.189673614501953e+001 -1.252685302734375e+003 
-2.264172315597534e+000 2.275707435607910e+001 -1.252754638671875e+003 
-2.236424684524536e+000 2.379427337646484e+001 -1.252770141601563e+003 
-2.235468387603760e+000 2.383236503601074e+001 -1.252771118164063e+003 
-2.235022783279419e+000 2.386894607543945e+001 -1.252776245117188e+003 
-2.221518993377686e+000 2.471140670776367e+001 -1.252866455078125e+003 
-2.208778142929077e+000 2.534660530090332e+001 -1.252912353515625e+003 
-2.207193851470947e+000 2.547752380371094e+001 -1.252930786132813e+003 
-2.189195632934570e+000 2.618776130676270e+001 -1.252949951171875e+003 
-2.168461561203003e+000 2.677422332763672e+001 -1.252915405273438e+003 
-2.167768001556397e+000 2.680367469787598e+001 -1.252916748046875e+003 
-2.161892652511597e+000 2.768458175659180e+001 -1.253081542968750e+003 
-2.158118247985840e+000 2.794621276855469e+001 -1.253113159179688e+003 
-2.154565095901489e+000 2.832367515563965e+001 -1.253174804687500e+003 
-2.158350944519043e+000 2.867862510681152e+001 -1.253294677734375e+003 
-2.155957460403442e+000 2.889335632324219e+001 -1.253326293945313e+003 
-2.150214433670044e+000 2.932054901123047e+001 -1.253381347656250e+003 
-2.149572610855103e+000 2.945857429504395e+001 -1.253409423828125e+003 
-2.149815559387207e+000 2.958945846557617e+001 -1.253443725585938e+003 
-2.148366928100586e+000 3.013894271850586e+001 -1.253565551757813e+003 
-2.143852949142456e+000 3.060068130493164e+001 -1.253639648437500e+003 
-2.140659332275391e+000 3.086620521545410e+001 -1.253677001953125e+003 
-2.135256528854370e+000 3.126305198669434e+001 -1.253727783203125e+003 
-2.130044937133789e+000 3.152937507629395e+001 -1.253748413085938e+003 
-2.130977869033814e+000 3.176098632812500e+001 -1.253812744140625e+003 
-2.130825757980347e+000 3.224717712402344e+001 -1.253930419921875e+003 
-2.130860805511475e+000 3.262217330932617e+001 -1.254022460937500e+003 
-2.135405302047730e+000 3.291648864746094e+001 -1.254133300781250e+003 
-2.133228302001953e+000 3.317551422119141e+001 -1.254177734375000e+003 

