# AmiraMesh 3D ASCII 2.0


define Lines 89
nVertices 88

Parameters {
    ContentType "HxLineSet"
}

Lines { int LineIdx } @1
Vertices { float[3] Coordinates } @2

# Data section follows
@1
0 
2 
3 
4 
5 
6 
7 
8 
9 
10 
11 
12 
13 
14 
15 
16 
17 
18 
19 
20 
21 
22 
23 
24 
25 
26 
27 
28 
29 
30 
31 
32 
1 
34 
35 
36 
37 
38 
39 
40 
41 
42 
43 
44 
45 
46 
47 
48 
49 
50 
51 
52 
53 
54 
55 
56 
57 
58 
59 
60 
61 
62 
63 
64 
65 
33 
67 
68 
69 
70 
71 
72 
73 
74 
75 
76 
77 
78 
79 
80 
81 
82 
83 
84 
85 
86 
87 
66 
-1 

@2
3.481019496917725e+000 -7.227501678466797e+001 8.370724487304688e+001 
2.798996448516846e+000 -6.364330291748047e+001 1.010352478027344e+002 
3.478235960006714e+000 -7.229854583740234e+001 8.376740264892578e+001 
3.459323406219482e+000 -7.238148498535156e+001 8.418998718261719e+001 
3.430088996887207e+000 -7.248832702636719e+001 8.484722900390625e+001 
3.389391660690308e+000 -7.244613647460938e+001 8.579639434814453e+001 
3.387408256530762e+000 -7.244489288330078e+001 8.584250640869141e+001 
3.385142803192139e+000 -7.243167877197266e+001 8.589727783203125e+001 
3.339239120483398e+000 -7.214872741699219e+001 8.701013946533203e+001 
3.316888809204102e+000 -7.190162658691406e+001 8.757151794433594e+001 
3.307884216308594e+000 -7.181423187255859e+001 8.779553985595703e+001 
3.285744190216065e+000 -7.147972106933594e+001 8.836779785156250e+001 
3.280697822570801e+000 -7.141584014892578e+001 8.849602508544922e+001 
3.276915550231934e+000 -7.133720397949219e+001 8.859755706787109e+001 
3.249527692794800e+000 -7.082228088378906e+001 8.932365417480469e+001 
3.237491130828857e+000 -7.057709503173828e+001 8.964614868164063e+001 
3.207875251770020e+000 -6.978340148925781e+001 9.047373962402344e+001 
3.154500484466553e+000 -6.843703460693359e+001 9.195019531250000e+001 
3.132248401641846e+000 -6.785018157958984e+001 9.257032012939453e+001 
3.126646995544434e+000 -6.768858337402344e+001 9.272888946533203e+001 
3.089245796203613e+000 -6.686223602294922e+001 9.374253845214844e+001 
3.055334568023682e+000 -6.612531280517578e+001 9.465936279296875e+001 
3.048172473907471e+000 -6.599057006835938e+001 9.484912109375000e+001 
3.006524324417114e+000 -6.526251983642578e+001 9.594325256347656e+001 
2.989803075790405e+000 -6.500436401367188e+001 9.637656402587891e+001 
2.963187456130981e+000 -6.465670013427734e+001 9.705480957031250e+001 
2.940074205398560e+000 -6.438887786865234e+001 9.763753509521484e+001 
2.915306806564331e+000 -6.418132019042969e+001 9.824778747558594e+001 
2.902596712112427e+000 -6.409326171875000e+001 9.855760955810547e+001 
2.882411956787109e+000 -6.400143432617188e+001 9.904103851318359e+001 
2.852238416671753e+000 -6.390948486328125e+001 9.975570678710938e+001 
2.827756881713867e+000 -6.382172012329102e+001 1.003378524780273e+002 
2.810305118560791e+000 -6.372380447387695e+001 1.007592086791992e+002 
2.491930484771729e+000 -5.677434539794922e+001 1.278861465454102e+002 
2.795170783996582e+000 -6.348991012573242e+001 1.015683593750000e+002 
2.773612976074219e+000 -6.335503387451172e+001 1.024367904663086e+002 
2.696555614471436e+000 -6.303721237182617e+001 1.050602798461914e+002 
2.684887170791626e+000 -6.296737670898438e+001 1.055211410522461e+002 
2.674453973770142e+000 -6.291558837890625e+001 1.059019317626953e+002 
2.619693517684937e+000 -6.260164260864258e+001 1.080241012573242e+002 
2.573163270950317e+000 -6.231513214111328e+001 1.098851623535156e+002 
2.561687231063843e+000 -6.224482727050781e+001 1.103430786132813e+002 
2.545344829559326e+000 -6.209993743896484e+001 1.111262359619141e+002 
2.524301052093506e+000 -6.183221435546875e+001 1.123722152709961e+002 
2.514344453811646e+000 -6.171606826782227e+001 1.129309387207031e+002 
2.509412288665772e+000 -6.158410644531250e+001 1.134255371093750e+002 
2.505702733993530e+000 -6.127913284301758e+001 1.143995895385742e+002 
2.506332874298096e+000 -6.117742538452148e+001 1.146833801269531e+002 
2.489278316497803e+000 -6.081980514526367e+001 1.161048278808594e+002 
2.486515045166016e+000 -6.075336074829102e+001 1.163599929809570e+002 
2.486477851867676e+000 -6.073937606811523e+001 1.164017333984375e+002 
2.484036922454834e+000 -6.064992904663086e+001 1.167171554565430e+002 
2.479350805282593e+000 -6.039403152465820e+001 1.175690917968750e+002 
2.480145454406738e+000 -6.015171432495117e+001 1.182607955932617e+002 
2.482944726943970e+000 -5.973099517822266e+001 1.194305877685547e+002 
2.478661060333252e+000 -5.935951232910156e+001 1.206119766235352e+002 
2.474657535552979e+000 -5.920176696777344e+001 1.211615524291992e+002 
2.473816633224487e+000 -5.893218231201172e+001 1.219690093994141e+002 
2.477167367935181e+000 -5.854094314575195e+001 1.230403900146484e+002 
2.479925870895386e+000 -5.829209518432617e+001 1.237080383300781e+002 
2.482516050338745e+000 -5.803626632690430e+001 1.243999633789063e+002 
2.482549428939819e+000 -5.803438568115234e+001 1.244045639038086e+002 
2.482567071914673e+000 -5.803263092041016e+001 1.244093780517578e+002 
2.484097480773926e+000 -5.760037231445313e+001 1.256407775878906e+002 
2.491250991821289e+000 -5.709027862548828e+001 1.269764480590820e+002 
2.491269826889038e+000 -5.708320617675781e+001 1.269968032836914e+002 
2.505120038986206e+000 -4.833907318115234e+001 1.442126464843750e+002 
2.488202571868897e+000 -5.672811508178711e+001 1.280172729492188e+002 
2.458721637725830e+000 -5.622984313964844e+001 1.293135528564453e+002 
2.450609445571899e+000 -5.609936523437500e+001 1.296572875976563e+002 
2.428677320480347e+000 -5.584368133544922e+001 1.303970794677734e+002 
2.408980846405029e+000 -5.553456497192383e+001 1.312166442871094e+002 
2.399339914321899e+000 -5.535774230957031e+001 1.316676635742188e+002 
2.358352899551392e+000 -5.475183868408203e+001 1.333003082275391e+002 
2.346830844879150e+000 -5.455996704101563e+001 1.338013305664063e+002 
2.346563100814819e+000 -5.454486465454102e+001 1.338336944580078e+002 
2.345331668853760e+000 -5.452186584472656e+001 1.338921813964844e+002 
2.329404592514038e+000 -5.399102783203125e+001 1.351034698486328e+002 
2.300400733947754e+000 -5.328733444213867e+001 1.367955169677734e+002 
2.295550823211670e+000 -5.311128997802734e+001 1.371924896240234e+002 
2.289934396743774e+000 -5.295097732543945e+001 1.375671081542969e+002 
2.290517807006836e+000 -5.256697845458984e+001 1.383105010986328e+002 
2.304132461547852e+000 -5.205888366699219e+001 1.391533355712891e+002 
2.336712121963501e+000 -5.114520263671875e+001 1.405801544189453e+002 
2.356705665588379e+000 -5.074861907958984e+001 1.411352844238281e+002 
2.401811838150024e+000 -4.986525726318359e+001 1.423655090332031e+002 
2.463783502578735e+000 -4.892883300781250e+001 1.435143585205078e+002 
2.503160715103149e+000 -4.836414337158203e+001 1.441851348876953e+002 

