# AmiraMesh 3D ASCII 2.0


define Lines 108
nVertices 107

Parameters {
    ContentType "HxLineSet"
}

Lines { int LineIdx } @1
Vertices { float[3] Coordinates } @2

# Data section follows
@1
0 
2 
3 
4 
5 
6 
7 
8 
9 
10 
11 
12 
13 
14 
15 
16 
17 
18 
19 
20 
21 
22 
23 
24 
25 
26 
27 
28 
29 
30 
31 
32 
33 
34 
35 
36 
37 
38 
39 
40 
41 
42 
43 
44 
1 
46 
47 
48 
49 
50 
51 
52 
53 
54 
55 
56 
57 
58 
59 
60 
61 
62 
63 
64 
65 
66 
67 
68 
69 
70 
71 
72 
73 
74 
75 
76 
77 
78 
79 
80 
81 
82 
83 
84 
85 
86 
87 
88 
89 
45 
91 
92 
93 
94 
95 
96 
97 
98 
99 
100 
101 
102 
103 
104 
105 
106 
90 
-1 

@2
-4.511449432373047e+001 -8.051079559326172e+001 -1.000533905029297e+002 
-4.530070877075195e+001 -6.576444244384766e+001 -7.337586975097656e+001 
-4.511121368408203e+001 -8.051116943359375e+001 -1.000065307617188e+002 
-4.508750534057617e+001 -8.040744018554688e+001 -9.945723724365234e+001 
-4.506251144409180e+001 -8.034092712402344e+001 -9.896339416503906e+001 
-4.505166244506836e+001 -8.025123596191406e+001 -9.862785339355469e+001 
-4.502105712890625e+001 -7.986283111572266e+001 -9.741172790527344e+001 
-4.501571655273438e+001 -7.961787414550781e+001 -9.684667968750000e+001 
-4.500854492187500e+001 -7.932368469238281e+001 -9.615701293945313e+001 
-4.500972366333008e+001 -7.922027587890625e+001 -9.596810913085938e+001 
-4.501684951782227e+001 -7.901245880126953e+001 -9.565727233886719e+001 
-4.502883911132813e+001 -7.852120971679688e+001 -9.485218048095703e+001 
-4.504236984252930e+001 -7.807442474365234e+001 -9.415795135498047e+001 
-4.505609893798828e+001 -7.775622558593750e+001 -9.372273254394531e+001 
-4.513266754150391e+001 -7.654650878906250e+001 -9.242054748535156e+001 
-4.514579010009766e+001 -7.633869171142578e+001 -9.219638824462891e+001 
-4.515208435058594e+001 -7.626444244384766e+001 -9.213941192626953e+001 
-4.515925598144531e+001 -7.616335296630859e+001 -9.204184722900391e+001 
-4.524968719482422e+001 -7.496810150146484e+001 -9.096898651123047e+001 
-4.527375411987305e+001 -7.463711547851563e+001 -9.065766906738281e+001 
-4.542566680908203e+001 -7.258134460449219e+001 -8.875981903076172e+001 
-4.543595504760742e+001 -7.244075012207031e+001 -8.862854003906250e+001 
-4.547803497314453e+001 -7.192230224609375e+001 -8.820444488525391e+001 
-4.549470138549805e+001 -7.171342468261719e+001 -8.802944183349609e+001 
-4.555907058715820e+001 -7.083195495605469e+001 -8.720452117919922e+001 
-4.558714294433594e+001 -7.046456909179688e+001 -8.687873840332031e+001 
-4.564730834960938e+001 -6.951339721679688e+001 -8.585430145263672e+001 
-4.566217041015625e+001 -6.927902984619141e+001 -8.560243988037109e+001 
-4.566508483886719e+001 -6.921533966064453e+001 -8.551779937744141e+001 
-4.566957473754883e+001 -6.906294250488281e+001 -8.527912902832031e+001 
-4.568647766113281e+001 -6.847826385498047e+001 -8.435906982421875e+001 
-4.569961547851563e+001 -6.807435607910156e+001 -8.374453735351563e+001 
-4.570049285888672e+001 -6.793523406982422e+001 -8.348013305664063e+001 
-4.569647216796875e+001 -6.769334411621094e+001 -8.294023132324219e+001 
-4.569533920288086e+001 -6.737380981445313e+001 -8.228733825683594e+001 
-4.567014312744141e+001 -6.698887634277344e+001 -8.115639495849609e+001 
-4.566609191894531e+001 -6.689810180664063e+001 -8.091712951660156e+001 
-4.564260864257813e+001 -6.664842987060547e+001 -8.008013916015625e+001 
-4.563407135009766e+001 -6.656426239013672e+001 -7.978906250000000e+001 
-4.562306594848633e+001 -6.651468658447266e+001 -7.953122711181641e+001 
-4.557679748535156e+001 -6.628966522216797e+001 -7.841404724121094e+001 
-4.545324707031250e+001 -6.596353149414063e+001 -7.597804260253906e+001 
-4.544559097290039e+001 -6.595002746582031e+001 -7.584043884277344e+001 
-4.538835144042969e+001 -6.585643005371094e+001 -7.482630920410156e+001 
-4.533406829833984e+001 -6.577996826171875e+001 -7.388908386230469e+001 
-4.187261962890625e+001 -5.701105499267578e+001 -4.297524261474609e+001 
-4.514531707763672e+001 -6.572026062011719e+001 -7.236872863769531e+001 
-4.488106155395508e+001 -6.567072296142578e+001 -7.068302917480469e+001 
-4.483703994750977e+001 -6.565177917480469e+001 -7.039094543457031e+001 
-4.472122573852539e+001 -6.559789276123047e+001 -6.961827087402344e+001 
-4.455577087402344e+001 -6.547398376464844e+001 -6.846504974365234e+001 
-4.427158355712891e+001 -6.526319885253906e+001 -6.648645019531250e+001 
-4.418508911132813e+001 -6.516152954101563e+001 -6.584480285644531e+001 
-4.411669921875000e+001 -6.503126525878906e+001 -6.528498840332031e+001 
-4.408898544311523e+001 -6.499015808105469e+001 -6.507038879394531e+001 
-4.393085479736328e+001 -6.475953674316406e+001 -6.385020446777344e+001 
-4.389949417114258e+001 -6.471998596191406e+001 -6.361474609375000e+001 
-4.381666564941406e+001 -6.455602264404297e+001 -6.293021392822266e+001 
-4.375693893432617e+001 -6.443704986572266e+001 -6.243585586547852e+001 
-4.371520996093750e+001 -6.437649536132813e+001 -6.211413574218750e+001 
-4.354470825195313e+001 -6.407215881347656e+001 -6.073994827270508e+001 
-4.345142364501953e+001 -6.390104675292969e+001 -5.998328781127930e+001 
-4.335863876342773e+001 -6.370407104492188e+001 -5.920244598388672e+001 
-4.328583908081055e+001 -6.349517822265625e+001 -5.853267669677734e+001 
-4.327091217041016e+001 -6.345067596435547e+001 -5.839360809326172e+001 
-4.325570297241211e+001 -6.342147064208984e+001 -5.826881027221680e+001 
-4.309934616088867e+001 -6.302816390991211e+001 -5.688844680786133e+001 
-4.308218765258789e+001 -6.297812652587891e+001 -5.672973632812500e+001 
-4.299761199951172e+001 -6.276429748535156e+001 -5.598198318481445e+001 
-4.296934509277344e+001 -6.268767929077148e+001 -5.572663879394531e+001 
-4.296205902099609e+001 -6.266922378540039e+001 -5.566218185424805e+001 
-4.294841003417969e+001 -6.262432861328125e+001 -5.553056716918945e+001 
-4.281849670410156e+001 -6.219323730468750e+001 -5.427400588989258e+001 
-4.272409057617188e+001 -6.185089874267578e+001 -5.333022689819336e+001 
-4.268824768066406e+001 -6.171979522705078e+001 -5.297070693969727e+001 
-4.263439178466797e+001 -6.152693557739258e+001 -5.243489074707031e+001 
-4.257354736328125e+001 -6.127407836914063e+001 -5.179274749755859e+001 
-4.247220993041992e+001 -6.085445404052734e+001 -5.072489929199219e+001 
-4.235439300537109e+001 -6.033100128173828e+001 -4.944590759277344e+001 
-4.231896209716797e+001 -6.016567993164063e+001 -4.905297851562500e+001 
-4.229543685913086e+001 -6.004263305664063e+001 -4.877809143066406e+001 
-4.223344039916992e+001 -5.968397140502930e+001 -4.801753616333008e+001 
-4.214562988281250e+001 -5.921913528442383e+001 -4.698573303222656e+001 
-4.208735656738281e+001 -5.885466003417969e+001 -4.624207305908203e+001 
-4.202847671508789e+001 -5.847204208374023e+001 -4.547563934326172e+001 
-4.202013397216797e+001 -5.841170120239258e+001 -4.536055755615234e+001 
-4.200840377807617e+001 -5.832628631591797e+001 -4.519817352294922e+001 
-4.193595886230469e+001 -5.770357513427734e+001 -4.409527969360352e+001 
-4.193374252319336e+001 -5.768227005004883e+001 -4.405918121337891e+001 
-4.192946243286133e+001 -5.763880538940430e+001 -4.398696517944336e+001 
-4.293028640747070e+001 -4.648971176147461e+001 -2.853684234619141e+001 
-4.192980957031250e+001 -5.621720886230469e+001 -4.162861633300781e+001 
-4.195362472534180e+001 -5.591529464721680e+001 -4.113995742797852e+001 
-4.203222274780273e+001 -5.495906448364258e+001 -3.962837600708008e+001 
-4.208352661132813e+001 -5.442320632934570e+001 -3.886391448974609e+001 
-4.213622283935547e+001 -5.387444686889648e+001 -3.808274459838867e+001 
-4.224981689453125e+001 -5.277238464355469e+001 -3.660232543945313e+001 
-4.235686111450195e+001 -5.175035095214844e+001 -3.524875640869141e+001 
-4.236677169799805e+001 -5.164031600952148e+001 -3.508463287353516e+001 
-4.246225357055664e+001 -5.061257934570313e+001 -3.358520126342773e+001 
-4.253914642333984e+001 -4.985113525390625e+001 -3.254418563842773e+001 
-4.259859848022461e+001 -4.928490066528320e+001 -3.179597473144531e+001 
-4.265428543090820e+001 -4.881858825683594e+001 -3.125627517700195e+001 
-4.272870254516602e+001 -4.819900512695313e+001 -3.054401397705078e+001 
-4.277122879028320e+001 -4.784251403808594e+001 -3.013091278076172e+001 
-4.287377929687500e+001 -4.699140167236328e+001 -2.915620040893555e+001 
-4.291140747070313e+001 -4.664501953125000e+001 -2.871286964416504e+001 

