# AmiraMesh 3D ASCII 2.0


define Lines 83
nVertices 82

Parameters {
    ContentType "HxLineSet"
}

Lines { int LineIdx } @1
Vertices { float[3] Coordinates } @2

# Data section follows
@1
0 
2 
3 
4 
5 
6 
7 
8 
9 
10 
11 
12 
13 
14 
15 
16 
17 
18 
19 
20 
21 
22 
23 
24 
25 
26 
27 
28 
29 
30 
31 
32 
33 
34 
35 
36 
37 
38 
39 
1 
41 
42 
43 
44 
45 
46 
47 
48 
49 
50 
51 
52 
53 
54 
55 
56 
57 
58 
59 
40 
61 
62 
63 
64 
65 
66 
67 
68 
69 
70 
71 
72 
73 
74 
75 
76 
77 
78 
79 
80 
81 
60 
-1 

@2
-4.986278533935547e+000 -5.283257293701172e+001 -1.384143920898438e+003 
-4.715720653533936e+000 -4.926131820678711e+001 -1.362598632812500e+003 
-4.953186988830566e+000 -5.325362396240234e+001 -1.383607910156250e+003 
-4.951138973236084e+000 -5.328305435180664e+001 -1.383564575195313e+003 
-4.950025558471680e+000 -5.329854202270508e+001 -1.383542968750000e+003 
-4.885826587677002e+000 -5.415698623657227e+001 -1.382468017578125e+003 
-4.868879795074463e+000 -5.437271881103516e+001 -1.382082885742188e+003 
-4.846185684204102e+000 -5.464730072021484e+001 -1.381491577148438e+003 
-4.844692707061768e+000 -5.466254806518555e+001 -1.381420532226563e+003 
-4.827284812927246e+000 -5.486404800415039e+001 -1.379840698242188e+003 
-4.827550411224365e+000 -5.486276245117188e+001 -1.379822753906250e+003 
-4.863646030426025e+000 -5.462171173095703e+001 -1.378739013671875e+003 
-4.831232547760010e+000 -5.405859375000000e+001 -1.377473144531250e+003 
-4.821199893951416e+000 -5.380089950561523e+001 -1.376947265625000e+003 
-4.814404487609863e+000 -5.364407348632813e+001 -1.376619628906250e+003 
-4.802578926086426e+000 -5.333917236328125e+001 -1.375997314453125e+003 
-4.789861202239990e+000 -5.307805252075195e+001 -1.375322509765625e+003 
-4.735509872436523e+000 -5.245135498046875e+001 -1.374196044921875e+003 
-4.724192142486572e+000 -5.232920455932617e+001 -1.373994750976563e+003 
-4.708809852600098e+000 -5.215657806396484e+001 -1.373687744140625e+003 
-4.666775703430176e+000 -5.168075561523438e+001 -1.372745117187500e+003 
-4.653836250305176e+000 -5.152966690063477e+001 -1.372545043945313e+003 
-4.639004707336426e+000 -5.124755477905273e+001 -1.371740844726563e+003 
-4.633978366851807e+000 -5.115182495117188e+001 -1.371467651367188e+003 
-4.630573272705078e+000 -5.105807113647461e+001 -1.371132324218750e+003 
-4.658596038818359e+000 -5.101901245117188e+001 -1.370411499023438e+003 
-4.687561511993408e+000 -5.094067382812500e+001 -1.369471679687500e+003 
-4.688426017761231e+000 -5.091265869140625e+001 -1.369342041015625e+003 
-4.689193248748779e+000 -5.086271667480469e+001 -1.369130371093750e+003 
-4.696004390716553e+000 -5.075729370117188e+001 -1.368530273437500e+003 
-4.702979087829590e+000 -5.048972702026367e+001 -1.367270019531250e+003 
-4.695993423461914e+000 -5.040270614624023e+001 -1.367055908203125e+003 
-4.685449600219727e+000 -5.008282852172852e+001 -1.365994140625000e+003 
-4.690713882446289e+000 -5.001056671142578e+001 -1.365491333007813e+003 
-4.695547580718994e+000 -4.982699584960938e+001 -1.364884033203125e+003 
-4.702411651611328e+000 -4.970006942749023e+001 -1.364350341796875e+003 
-4.705879211425781e+000 -4.955331420898438e+001 -1.363840332031250e+003 
-4.710371017456055e+000 -4.938947677612305e+001 -1.363255004882813e+003 
-4.711872100830078e+000 -4.934108734130859e+001 -1.362985473632813e+003 
-4.713122367858887e+000 -4.930655670166016e+001 -1.362801513671875e+003 
-5.417322635650635e+000 -4.794922256469727e+001 -1.342165893554688e+003 
-4.819340705871582e+000 -4.891715621948242e+001 -1.360982299804688e+003 
-4.829735755920410e+000 -4.888740539550781e+001 -1.360774536132813e+003 
-4.914661884307861e+000 -4.885714721679688e+001 -1.358747558593750e+003 
-4.924774169921875e+000 -4.885329818725586e+001 -1.358505737304688e+003 
-4.935375213623047e+000 -4.884967803955078e+001 -1.358253051757813e+003 
-4.970693111419678e+000 -4.888290405273438e+001 -1.357465698242188e+003 
-5.017537593841553e+000 -4.887740325927734e+001 -1.356281738281250e+003 
-5.062974452972412e+000 -4.875936126708984e+001 -1.354670166015625e+003 
-5.103273391723633e+000 -4.865149307250977e+001 -1.353229614257813e+003 
-5.115440845489502e+000 -4.860863113403320e+001 -1.352758056640625e+003 
-5.204840660095215e+000 -4.833339309692383e+001 -1.349426025390625e+003 
-5.222936630249023e+000 -4.827115631103516e+001 -1.348731567382813e+003 
-5.260567188262940e+000 -4.813096618652344e+001 -1.347255004882813e+003 
-5.284248828887940e+000 -4.813801956176758e+001 -1.346659790039063e+003 
-5.339280128479004e+000 -4.816257476806641e+001 -1.345309936523438e+003 
-5.361501216888428e+000 -4.818199920654297e+001 -1.344794677734375e+003 
-5.373219490051270e+000 -4.814769363403320e+001 -1.344322753906250e+003 
-5.383513927459717e+000 -4.808540725708008e+001 -1.343726440429688e+003 
-5.414891719818115e+000 -4.798120498657227e+001 -1.342415527343750e+003 
-5.983255386352539e+000 -4.478040313720703e+001 -1.324794067382813e+003 
-5.440628051757813e+000 -4.780423736572266e+001 -1.341062500000000e+003 
-5.470328330993652e+000 -4.773728942871094e+001 -1.340178955078125e+003 
-5.506351470947266e+000 -4.760670471191406e+001 -1.338932373046875e+003 
-5.539751529693604e+000 -4.743663024902344e+001 -1.337653320312500e+003 
-5.546028137207031e+000 -4.730672454833984e+001 -1.337159667968750e+003 
-5.564244270324707e+000 -4.705626678466797e+001 -1.336065917968750e+003 
-5.603362560272217e+000 -4.698801040649414e+001 -1.334941406250000e+003 
-5.627754211425781e+000 -4.689360046386719e+001 -1.334222290039063e+003 
-5.635248661041260e+000 -4.686785888671875e+001 -1.333980834960938e+003 
-5.697246074676514e+000 -4.656280899047852e+001 -1.332319335937500e+003 
-5.714221954345703e+000 -4.647673034667969e+001 -1.331869140625000e+003 
-5.734002590179443e+000 -4.625880432128906e+001 -1.331214477539063e+003 
-5.779564857482910e+000 -4.598863983154297e+001 -1.330128784179688e+003 
-5.806099891662598e+000 -4.588577651977539e+001 -1.329568481445313e+003 
-5.823010444641113e+000 -4.578289031982422e+001 -1.329193115234375e+003 
-5.869338035583496e+000 -4.568516921997070e+001 -1.328440795898438e+003 
-5.875011920928955e+000 -4.560011291503906e+001 -1.328158935546875e+003 
-5.915940284729004e+000 -4.542439651489258e+001 -1.327225830078125e+003 
-5.933407306671143e+000 -4.534796905517578e+001 -1.326824462890625e+003 
-5.964948177337647e+000 -4.492157745361328e+001 -1.325355224609375e+003 
-5.977338314056397e+000 -4.483677673339844e+001 -1.325005859375000e+003 

