# AmiraMesh 3D ASCII 2.0


define Lines 98
nVertices 97

Parameters {
    ContentType "HxLineSet"
}

Lines { int LineIdx } @1
Vertices { float[3] Coordinates } @2

# Data section follows
@1
0 
2 
3 
4 
5 
6 
7 
8 
9 
10 
11 
12 
13 
14 
15 
16 
17 
18 
19 
20 
21 
22 
23 
24 
25 
26 
27 
28 
29 
30 
31 
32 
33 
1 
35 
36 
37 
38 
39 
40 
41 
42 
43 
44 
45 
46 
47 
48 
49 
50 
51 
52 
53 
54 
55 
56 
57 
58 
59 
60 
61 
62 
63 
64 
34 
66 
67 
68 
69 
70 
71 
72 
73 
74 
75 
76 
77 
78 
79 
80 
81 
82 
83 
84 
85 
86 
87 
88 
89 
90 
91 
92 
93 
94 
95 
96 
65 
-1 

@2
-3.225704908370972e+000 -4.175203323364258e+001 -1.390619506835938e+003 
-2.639909744262695e+000 -4.597051239013672e+001 -1.372375244140625e+003 
-3.217330455780029e+000 -4.198210144042969e+001 -1.390382690429688e+003 
-3.208353519439697e+000 -4.223741149902344e+001 -1.390130126953125e+003 
-3.202681303024292e+000 -4.234330749511719e+001 -1.389962524414063e+003 
-3.171495437622070e+000 -4.288137054443359e+001 -1.389036132812500e+003 
-3.156797647476196e+000 -4.304374313354492e+001 -1.388585693359375e+003 
-3.145291566848755e+000 -4.315671157836914e+001 -1.388231445312500e+003 
-3.131699085235596e+000 -4.320738220214844e+001 -1.387802978515625e+003 
-3.108715534210205e+000 -4.335311889648438e+001 -1.387082275390625e+003 
-3.099714279174805e+000 -4.339744949340820e+001 -1.386794677734375e+003 
-3.065072536468506e+000 -4.344105911254883e+001 -1.385692138671875e+003 
-3.034906864166260e+000 -4.341038513183594e+001 -1.384717529296875e+003 
-3.006072759628296e+000 -4.336447143554688e+001 -1.383783447265625e+003 
-2.969675302505493e+000 -4.332436370849609e+001 -1.382607055664063e+003 
-2.958137989044190e+000 -4.331618499755859e+001 -1.382236938476563e+003 
-2.948990345001221e+000 -4.330881118774414e+001 -1.381940429687500e+003 
-2.895413398742676e+000 -4.335962295532227e+001 -1.380222900390625e+003 
-2.891795396804810e+000 -4.337231445312500e+001 -1.380108886718750e+003 
-2.855644226074219e+000 -4.358379745483398e+001 -1.378976196289063e+003 
-2.852903366088867e+000 -4.360255432128906e+001 -1.378889770507813e+003 
-2.834887504577637e+000 -4.375231933593750e+001 -1.378332153320313e+003 
-2.813724279403687e+000 -4.391497802734375e+001 -1.377674560546875e+003 
-2.810173749923706e+000 -4.395202636718750e+001 -1.377565551757813e+003 
-2.792427539825440e+000 -4.410903930664063e+001 -1.377016967773438e+003 
-2.771176338195801e+000 -4.429709243774414e+001 -1.376361572265625e+003 
-2.747335433959961e+000 -4.460107803344727e+001 -1.375636230468750e+003 
-2.741425037384033e+000 -4.467816543579102e+001 -1.375456787109375e+003 
-2.739843845367432e+000 -4.469581604003906e+001 -1.375408569335938e+003 
-2.732960224151611e+000 -4.478739929199219e+001 -1.375200683593750e+003 
-2.695258140563965e+000 -4.525716781616211e+001 -1.374053955078125e+003 
-2.678965568542481e+000 -4.547903442382813e+001 -1.373562011718750e+003 
-2.659035682678223e+000 -4.573647308349609e+001 -1.372956054687500e+003 
-2.640501499176025e+000 -4.596308898925781e+001 -1.372393798828125e+003 
-2.005318641662598e+000 -4.830063247680664e+001 -1.352044799804688e+003 
-2.633908748626709e+000 -4.621895217895508e+001 -1.371756103515625e+003 
-2.628445148468018e+000 -4.636444091796875e+001 -1.371343627929688e+003 
-2.603702068328857e+000 -4.665608215332031e+001 -1.370171630859375e+003 
-2.591805219650269e+000 -4.675598907470703e+001 -1.369684448242188e+003 
-2.580899238586426e+000 -4.701744079589844e+001 -1.368917114257813e+003 
-2.574113845825195e+000 -4.710639953613281e+001 -1.368578857421875e+003 
-2.538424015045166e+000 -4.752107238769531e+001 -1.366900634765625e+003 
-2.537100315093994e+000 -4.753620147705078e+001 -1.366837646484375e+003 
-2.515531063079834e+000 -4.777725219726563e+001 -1.365839843750000e+003 
-2.493185520172119e+000 -4.805665588378906e+001 -1.364753051757813e+003 
-2.492015123367310e+000 -4.807331848144531e+001 -1.364692749023438e+003 
-2.462199926376343e+000 -4.827056503295898e+001 -1.363570922851563e+003 
-2.458053350448608e+000 -4.829642486572266e+001 -1.363417846679688e+003 
-2.456857919692993e+000 -4.830440902709961e+001 -1.363372802734375e+003 
-2.427650690078735e+000 -4.848941040039063e+001 -1.362290283203125e+003 
-2.422290563583374e+000 -4.852211761474609e+001 -1.362093505859375e+003 
-2.400584220886231e+000 -4.858808135986328e+001 -1.361424560546875e+003 
-2.376507282257080e+000 -4.865373611450195e+001 -1.360696166992188e+003 
-2.299617767333984e+000 -4.873182678222656e+001 -1.358618408203125e+003 
-2.289085865020752e+000 -4.873813247680664e+001 -1.358342163085938e+003 
-2.288288116455078e+000 -4.874015426635742e+001 -1.358318481445313e+003 
-2.287297248840332e+000 -4.873837661743164e+001 -1.358297241210938e+003 
-2.279039621353149e+000 -4.873224258422852e+001 -1.358101196289063e+003 
-2.201370000839233e+000 -4.865162277221680e+001 -1.356303833007813e+003 
-2.185760498046875e+000 -4.865016937255859e+001 -1.355914184570313e+003 
-2.172723293304443e+000 -4.865551376342773e+001 -1.355576782226563e+003 
-2.114295959472656e+000 -4.853299331665039e+001 -1.354341796875000e+003 
-2.080988407135010e+000 -4.847698593139648e+001 -1.353610961914063e+003 
-2.073244571685791e+000 -4.845645141601563e+001 -1.353455566406250e+003 
-2.037963867187500e+000 -4.837928390502930e+001 -1.352715698242188e+003 
-1.969038605690002e+000 -4.258711242675781e+001 -1.334568603515625e+003 
-2.010263919830322e+000 -4.826828002929688e+001 -1.351786010742188e+003 
-2.015753507614136e+000 -4.822104263305664e+001 -1.351461425781250e+003 
-2.031961441040039e+000 -4.808750915527344e+001 -1.350522460937500e+003 
-2.043981552124023e+000 -4.796353149414063e+001 -1.349745483398438e+003 
-2.045305252075195e+000 -4.791651916503906e+001 -1.349552124023438e+003 
-2.046977043151856e+000 -4.789020156860352e+001 -1.349411743164063e+003 
-2.053009748458862e+000 -4.771790313720703e+001 -1.348662963867188e+003 
-2.061228752136231e+000 -4.764555358886719e+001 -1.348173706054688e+003 
-2.077919483184815e+000 -4.762465667724609e+001 -1.347585205078125e+003 
-2.084262371063232e+000 -4.758712005615234e+001 -1.347264648437500e+003 
-2.083441257476807e+000 -4.748213577270508e+001 -1.346949829101563e+003 
-2.088175535202026e+000 -4.733633041381836e+001 -1.346328002929688e+003 
-2.084579706192017e+000 -4.710867309570313e+001 -1.345698486328125e+003 
-2.073459148406982e+000 -4.679806518554688e+001 -1.345032714843750e+003 
-2.071394205093384e+000 -4.660816955566406e+001 -1.344478637695313e+003 
-2.071105241775513e+000 -4.639912414550781e+001 -1.343806640625000e+003 
-2.064910411834717e+000 -4.617567443847656e+001 -1.343271606445313e+003 
-2.064587116241455e+000 -4.602643966674805e+001 -1.342796630859375e+003 
-2.062409162521362e+000 -4.580787277221680e+001 -1.342151611328125e+003 
-2.059124469757080e+000 -4.561195373535156e+001 -1.341616455078125e+003 
-2.059776544570923e+000 -4.543151092529297e+001 -1.341008911132813e+003 
-2.055657148361206e+000 -4.525085449218750e+001 -1.340548828125000e+003 
-2.045753002166748e+000 -4.496033477783203e+001 -1.339910400390625e+003 
-2.041538476943970e+000 -4.476306915283203e+001 -1.339396362304688e+003 
-2.032961368560791e+000 -4.439814758300781e+001 -1.338479003906250e+003 
-2.030523538589478e+000 -4.429951858520508e+001 -1.338232055664063e+003 
-2.027679443359375e+000 -4.419446563720703e+001 -1.337978759765625e+003 
-2.016038894653320e+000 -4.384759521484375e+001 -1.337211547851563e+003 
-1.992826223373413e+000 -4.326121902465820e+001 -1.336024169921875e+003 
-1.985338211059570e+000 -4.309648513793945e+001 -1.335719604492188e+003 
-1.983187317848206e+000 -4.302891540527344e+001 -1.335567260742188e+003 

