# AmiraMesh 3D ASCII 2.0


define Lines 141
nVertices 140

Parameters {
    ContentType "HxLineSet"
}

Lines { int LineIdx } @1
Vertices { float[3] Coordinates } @2

# Data section follows
@1
0 
2 
3 
4 
5 
6 
7 
8 
9 
10 
11 
12 
13 
14 
15 
16 
17 
18 
19 
20 
21 
22 
23 
24 
25 
26 
27 
28 
29 
30 
31 
32 
33 
34 
35 
36 
37 
38 
39 
40 
41 
42 
43 
44 
45 
46 
47 
48 
49 
50 
51 
52 
53 
54 
55 
56 
57 
58 
59 
60 
61 
1 
63 
64 
65 
66 
67 
68 
69 
70 
71 
72 
73 
74 
75 
76 
77 
78 
79 
80 
81 
82 
83 
84 
85 
86 
87 
88 
89 
90 
91 
92 
93 
94 
95 
96 
97 
98 
99 
100 
101 
102 
103 
104 
105 
106 
107 
108 
109 
62 
111 
112 
113 
114 
115 
116 
117 
118 
119 
120 
121 
122 
123 
124 
125 
126 
127 
128 
129 
130 
131 
132 
133 
110 
135 
136 
137 
138 
139 
134 
-1 

@2
1.809862136840820e+001 1.417564392089844e+001 1.030192947387695e+002 
2.233515167236328e+001 -6.183573722839356e+000 1.183582534790039e+002 
1.812022781372070e+001 1.409345149993897e+001 1.031363372802734e+002 
1.823738479614258e+001 1.347823143005371e+001 1.034668731689453e+002 
1.825336456298828e+001 1.338207626342773e+001 1.034900360107422e+002 
1.835987472534180e+001 1.289484596252441e+001 1.039198379516602e+002 
1.844488143920898e+001 1.251598358154297e+001 1.042807769775391e+002 
1.852265739440918e+001 1.202224731445313e+001 1.043472137451172e+002 
1.855282592773438e+001 1.183303356170654e+001 1.043771209716797e+002 
1.868851089477539e+001 1.125352668762207e+001 1.049984893798828e+002 
1.873366546630859e+001 1.105386447906494e+001 1.051930694580078e+002 
1.876179504394531e+001 1.087830162048340e+001 1.052224578857422e+002 
1.891339302062988e+001 9.933657646179199e+000 1.053839035034180e+002 
1.894307899475098e+001 9.804862022399902e+000 1.055161743164063e+002 
1.911374664306641e+001 9.031861305236816e+000 1.062187194824219e+002 
1.916370391845703e+001 8.730186462402344e+000 1.062891387939453e+002 
1.927297210693359e+001 8.044527053833008e+000 1.063968963623047e+002 
1.943448829650879e+001 7.296925544738770e+000 1.070329055786133e+002 
1.944022178649902e+001 7.271385192871094e+000 1.070573043823242e+002 
1.944305229187012e+001 7.256291866302490e+000 1.070648651123047e+002 
1.958423614501953e+001 6.579909324645996e+000 1.075798034667969e+002 
1.959335136413574e+001 6.538798809051514e+000 1.076176223754883e+002 
1.970971488952637e+001 6.054932117462158e+000 1.081740112304688e+002 
1.975882339477539e+001 5.812651634216309e+000 1.083405456542969e+002 
1.981476593017578e+001 5.514158248901367e+000 1.084899291992188e+002 
1.989091873168945e+001 5.231148242950440e+000 1.089143524169922e+002 
1.993131446838379e+001 5.075475692749023e+000 1.091295928955078e+002 
1.996255874633789e+001 4.900286674499512e+000 1.091978149414063e+002 
2.004112052917481e+001 4.492915153503418e+000 1.094287643432617e+002 
2.012249374389648e+001 4.213141441345215e+000 1.099229812622070e+002 
2.016852188110352e+001 4.010688781738281e+000 1.101231384277344e+002 
2.024886512756348e+001 3.557446479797363e+000 1.102936935424805e+002 
2.035157585144043e+001 3.158703565597534e+000 1.108356323242188e+002 
2.037800788879395e+001 3.048619270324707e+000 1.109616394042969e+002 
2.041926574707031e+001 2.852290630340576e+000 1.111145782470703e+002 
2.051195907592773e+001 2.380100965499878e+000 1.114022140502930e+002 
2.051195716857910e+001 2.380100250244141e+000 1.114022293090820e+002 
2.053717041015625e+001 2.280762434005737e+000 1.115326461791992e+002 
2.070918083190918e+001 1.522198200225830e+000 1.122774429321289e+002 
2.077763366699219e+001 1.202129602432251e+000 1.125412292480469e+002 
2.086824798583984e+001 8.047208786010742e-001 1.129375457763672e+002 
2.092530441284180e+001 5.642937421798706e-001 1.132046508789063e+002 
2.099908447265625e+001 1.489970982074738e-001 1.133628845214844e+002 
2.102455520629883e+001 -2.100223442539573e-003 1.134036636352539e+002 
2.105508995056152e+001 -1.186567321419716e-001 1.135683135986328e+002 
2.115159034729004e+001 -4.989260435104370e-001 1.140673217773438e+002 
2.121749305725098e+001 -8.483946919441223e-001 1.142472686767578e+002 
2.124410820007324e+001 -9.985759854316711e-001 1.143036575317383e+002 
2.128957557678223e+001 -1.149166345596314e+000 1.145900421142578e+002 
2.141866302490234e+001 -1.675650477409363e+000 1.152257385253906e+002 
2.150635147094727e+001 -2.195204496383667e+000 1.153672256469727e+002 
2.155713081359863e+001 -2.495554924011231e+000 1.154500579833984e+002 
2.163259124755859e+001 -2.749984741210938e+000 1.159172897338867e+002 
2.167417716979981e+001 -2.899761915206909e+000 1.161576538085938e+002 
2.174604225158691e+001 -3.325853824615479e+000 1.162731018066406e+002 
2.178396606445313e+001 -3.543930053710938e+000 1.163461914062500e+002 
2.188781738281250e+001 -3.981346368789673e+000 1.168327941894531e+002 
2.194242095947266e+001 -4.199420452117920e+000 1.171099243164063e+002 
2.200294494628906e+001 -4.510062217712402e+000 1.172935333251953e+002 
2.216640090942383e+001 -5.304857730865479e+000 1.178687515258789e+002 
2.220860099792481e+001 -5.513318061828613e+000 1.180114059448242e+002 
2.229587554931641e+001 -5.969972133636475e+000 1.182606506347656e+002 
2.710543823242188e+001 -2.502591705322266e+001 1.273388366699219e+002 
2.236243438720703e+001 -6.291439056396484e+000 1.184079284667969e+002 
2.243147277832031e+001 -6.566706180572510e+000 1.184971313476563e+002 
2.254893302917481e+001 -7.005267620086670e+000 1.191230392456055e+002 
2.255056571960449e+001 -7.011452198028565e+000 1.191303405761719e+002 
2.255379295349121e+001 -7.024371147155762e+000 1.191336364746094e+002 
2.280468750000000e+001 -8.027441024780273e+000 1.194137725830078e+002 
2.286225700378418e+001 -8.242204666137695e+000 1.197234268188477e+002 
2.295438766479492e+001 -8.590764999389648e+000 1.201414108276367e+002 
2.305421829223633e+001 -8.987909317016602e+000 1.202845916748047e+002 
2.315385627746582e+001 -9.392461776733398e+000 1.202971115112305e+002 
2.321064376831055e+001 -9.621473312377930e+000 1.203289794921875e+002 
2.326615524291992e+001 -9.835631370544434e+000 1.205149841308594e+002 
2.338634109497070e+001 -1.029437065124512e+001 1.209958496093750e+002 
2.344539260864258e+001 -1.052204990386963e+001 1.211957626342773e+002 
2.350852775573731e+001 -1.077663993835449e+001 1.212314605712891e+002 
2.356196594238281e+001 -1.098782634735107e+001 1.213305969238281e+002 
2.366659164428711e+001 -1.141036987304688e+001 1.213797988891602e+002 
2.369074630737305e+001 -1.150422954559326e+001 1.214499359130859e+002 
2.379238319396973e+001 -1.187523078918457e+001 1.221263504028320e+002 
2.379472351074219e+001 -1.188426589965820e+001 1.221343612670898e+002 
2.387416839599609e+001 -1.219676971435547e+001 1.223043518066406e+002 
2.406670379638672e+001 -1.297760772705078e+001 1.223428878784180e+002 
2.412726783752441e+001 -1.322349548339844e+001 1.223507690429688e+002 
2.429177093505859e+001 -1.384505081176758e+001 1.231101379394531e+002 
2.432977867126465e+001 -1.399098777770996e+001 1.232485351562500e+002 
2.437950897216797e+001 -1.419313240051270e+001 1.232510681152344e+002 
2.462953376770020e+001 -1.520348453521729e+001 1.233589782714844e+002 
2.463176536560059e+001 -1.521203613281250e+001 1.233672103881836e+002 
2.465832710266113e+001 -1.531323814392090e+001 1.234765930175781e+002 
2.485508537292481e+001 -1.606360435485840e+001 1.242743682861328e+002 
2.505161476135254e+001 -1.686143875122070e+001 1.243008804321289e+002 
2.510694122314453e+001 -1.708429908752441e+001 1.243361816406250e+002 
2.519443130493164e+001 -1.741916656494141e+001 1.246716003417969e+002 
2.535770416259766e+001 -1.804691886901856e+001 1.252523651123047e+002 
2.538874435424805e+001 -1.817282867431641e+001 1.252581253051758e+002 
2.570834732055664e+001 -1.945089340209961e+001 1.256105041503906e+002 
2.572339820861816e+001 -1.950880241394043e+001 1.256633300781250e+002 
2.578695106506348e+001 -1.976366233825684e+001 1.257219619750977e+002 
2.601003265380859e+001 -2.065336799621582e+001 1.260059661865234e+002 
2.614830207824707e+001 -2.120815277099609e+001 1.261285400390625e+002 
2.628400611877441e+001 -2.175227737426758e+001 1.262550048828125e+002 
2.649959564208984e+001 -2.261593246459961e+001 1.264682922363281e+002 
2.650244522094727e+001 -2.261775207519531e+001 1.266242980957031e+002 
2.666513061523438e+001 -2.326145172119141e+001 1.269127502441406e+002 
2.669144630432129e+001 -2.336637687683106e+001 1.269467163085938e+002 
2.672171974182129e+001 -2.348665809631348e+001 1.269924621582031e+002 
2.693635368347168e+001 -2.434587478637695e+001 1.272144012451172e+002 
2.979181861877441e+001 -4.104517364501953e+001 1.293044433593750e+002 
2.710717010498047e+001 -2.503627014160156e+001 1.273406829833984e+002 
2.718506813049316e+001 -2.550090217590332e+001 1.274127349853516e+002 
2.725169563293457e+001 -2.589855766296387e+001 1.275011749267578e+002 
2.741230392456055e+001 -2.685664367675781e+001 1.276542816162109e+002 
2.749064254760742e+001 -2.732529830932617e+001 1.278805694580078e+002 
2.756386947631836e+001 -2.776309204101563e+001 1.280571441650391e+002 
2.758944511413574e+001 -2.791666984558106e+001 1.281936340332031e+002 
2.770481300354004e+001 -2.860479164123535e+001 1.282955017089844e+002 
2.784583091735840e+001 -2.944462203979492e+001 1.282805786132813e+002 
2.789716339111328e+001 -2.975040054321289e+001 1.282825622558594e+002 
2.824593925476074e+001 -3.182807922363281e+001 1.283042602539063e+002 
2.830085182189941e+001 -3.215518188476563e+001 1.283080291748047e+002 
2.830575561523438e+001 -3.218441009521484e+001 1.283035888671875e+002 
2.831213951110840e+001 -3.222240829467773e+001 1.283076629638672e+002 
2.831969070434570e+001 -3.226741027832031e+001 1.283080444335938e+002 
2.831608390808106e+001 -3.224594879150391e+001 1.283080444335938e+002 
2.856988716125488e+001 -3.376022720336914e+001 1.285851440429688e+002 
2.860664367675781e+001 -3.397921752929688e+001 1.285918731689453e+002 
2.878367614746094e+001 -3.503686523437500e+001 1.289367370605469e+002 
2.886697959899902e+001 -3.553435897827148e+001 1.290811462402344e+002 
2.932139778137207e+001 -3.824308776855469e+001 1.292988586425781e+002 
2.932671928405762e+001 -3.827480316162109e+001 1.293012084960938e+002 
2.933636093139648e+001 -3.833223342895508e+001 1.293018798828125e+002 
3.041280364990234e+001 -4.687373733520508e+001 1.291278076171875e+002 
2.998196220397949e+001 -4.282304382324219e+001 1.293061828613281e+002 
2.999482345581055e+001 -4.294335556030273e+001 1.293061676025391e+002 
3.015315246582031e+001 -4.442428970336914e+001 1.293031005859375e+002 
3.031998062133789e+001 -4.599794006347656e+001 1.291918334960938e+002 
3.037189865112305e+001 -4.648134613037109e+001 1.292086486816406e+002 

