# AmiraMesh 3D ASCII 2.0


define Lines 75
nVertices 74

Parameters {
    ContentType "HxLineSet"
}

Lines { int LineIdx } @1
Vertices { float[3] Coordinates } @2

# Data section follows
@1
0 
2 
3 
4 
5 
6 
7 
8 
9 
10 
11 
12 
13 
14 
15 
16 
17 
18 
19 
20 
21 
22 
23 
24 
25 
26 
27 
28 
29 
30 
31 
32 
33 
34 
35 
1 
37 
38 
39 
40 
41 
42 
43 
44 
45 
46 
47 
48 
49 
50 
51 
52 
53 
54 
55 
56 
57 
58 
59 
60 
61 
36 
63 
64 
65 
66 
67 
68 
69 
70 
71 
72 
73 
62 
-1 

@2
7.339797973632813e+001 9.747914123535156e+001 -3.650777893066406e+002 
7.396297454833984e+001 1.126090164184570e+002 -3.868538208007813e+002 
7.340791320800781e+001 9.773145294189453e+001 -3.654518432617188e+002 
7.341586303710938e+001 9.798443603515625e+001 -3.657838745117188e+002 
7.342053985595703e+001 9.809019470214844e+001 -3.659517822265625e+002 
7.347255706787109e+001 9.893115997314453e+001 -3.676074829101563e+002 
7.347996520996094e+001 9.903648376464844e+001 -3.678341064453125e+002 
7.351522827148438e+001 9.960375213623047e+001 -3.689548034667969e+002 
7.355503082275391e+001 1.003619613647461e+002 -3.702938232421875e+002 
7.355682373046875e+001 1.003998565673828e+002 -3.703569030761719e+002 
7.358734893798828e+001 1.013148803710938e+002 -3.715953369140625e+002 
7.358950805664063e+001 1.013842010498047e+002 -3.716857604980469e+002 
7.359082794189453e+001 1.014434432983398e+002 -3.717515869140625e+002 
7.360286712646484e+001 1.018753814697266e+002 -3.722850952148438e+002 
7.361620330810547e+001 1.027781143188477e+002 -3.731437683105469e+002 
7.361644744873047e+001 1.027934112548828e+002 -3.731584777832031e+002 
7.361663055419922e+001 1.028042984008789e+002 -3.731695556640625e+002 
7.361800384521484e+001 1.028621826171875e+002 -3.732359619140625e+002 
7.365435791015625e+001 1.042927703857422e+002 -3.749262695312500e+002 
7.366256713867188e+001 1.046985321044922e+002 -3.753606262207031e+002 
7.367271423339844e+001 1.053167419433594e+002 -3.759704589843750e+002 
7.368144226074219e+001 1.056897888183594e+002 -3.763947753906250e+002 
7.369450378417969e+001 1.061929016113281e+002 -3.769953613281250e+002 
7.370681762695313e+001 1.067239532470703e+002 -3.775974426269531e+002 
7.373133850097656e+001 1.075189590454102e+002 -3.786299438476563e+002 
7.373425292968750e+001 1.076222076416016e+002 -3.787579956054688e+002 
7.374696350097656e+001 1.080773544311523e+002 -3.793207092285156e+002 
7.376285552978516e+001 1.086446838378906e+002 -3.800228271484375e+002 
7.376627349853516e+001 1.087420806884766e+002 -3.801584472656250e+002 
7.380586242675781e+001 1.095760879516602e+002 -3.815413818359375e+002 
7.381481170654297e+001 1.097692413330078e+002 -3.818564453125000e+002 
7.384327697753906e+001 1.104340820312500e+002 -3.828921203613281e+002 
7.386055755615234e+001 1.107981719970703e+002 -3.834955444335938e+002 
7.388527679443359e+001 1.112575454711914e+002 -3.843202209472656e+002 
7.392353820800781e+001 1.119610443115234e+002 -3.855920410156250e+002 
7.395122528076172e+001 1.124292221069336e+002 -3.864865417480469e+002 
7.599641418457031e+001 1.169666290283203e+002 -4.075778808593750e+002 
7.397857666015625e+001 1.126740722656250e+002 -3.869874267578125e+002 
7.407622528076172e+001 1.130455627441406e+002 -3.878525085449219e+002 
7.409820556640625e+001 1.131362915039063e+002 -3.880415039062500e+002 
7.428457641601563e+001 1.137936859130859e+002 -3.897338867187500e+002 
7.431248474121094e+001 1.138891983032227e+002 -3.899895935058594e+002 
7.443552398681641e+001 1.143032684326172e+002 -3.911228637695313e+002 
7.461434936523438e+001 1.149341125488281e+002 -3.927466430664063e+002 
7.468080902099609e+001 1.151483688354492e+002 -3.933662719726563e+002 
7.474835205078125e+001 1.153381729125977e+002 -3.940187072753906e+002 
7.477730560302734e+001 1.154082336425781e+002 -3.943071594238281e+002 
7.483685302734375e+001 1.155483932495117e+002 -3.949038085937500e+002 
7.486733245849609e+001 1.155998687744141e+002 -3.952256164550781e+002 
7.504410552978516e+001 1.159625091552734e+002 -3.970403442382813e+002 
7.508334350585938e+001 1.160485153198242e+002 -3.974386596679688e+002 
7.511418151855469e+001 1.160926208496094e+002 -3.977705993652344e+002 
7.514083862304688e+001 1.161422424316406e+002 -3.980484008789063e+002 
7.526298522949219e+001 1.163281021118164e+002 -3.993540039062500e+002 
7.532262420654297e+001 1.164205322265625e+002 -3.999901123046875e+002 
7.550391387939453e+001 1.166489028930664e+002 -4.019662780761719e+002 
7.555720520019531e+001 1.167175979614258e+002 -4.025462036132813e+002 
7.571846008300781e+001 1.168699874877930e+002 -4.043445739746094e+002 
7.583886718750000e+001 1.169515151977539e+002 -4.057132568359375e+002 
7.587607574462891e+001 1.169641036987305e+002 -4.061466064453125e+002 
7.591429901123047e+001 1.169776000976563e+002 -4.065908508300781e+002 
7.597174072265625e+001 1.169698791503906e+002 -4.072812805175781e+002 
7.710776519775391e+001 1.165127639770508e+002 -4.196118164062500e+002 
7.612570190429688e+001 1.169505310058594e+002 -4.089547119140625e+002 
7.615830993652344e+001 1.169414672851563e+002 -4.093052368164063e+002 
7.617028045654297e+001 1.169363861083984e+002 -4.094349060058594e+002 
7.634820556640625e+001 1.168515625000000e+002 -4.113693542480469e+002 
7.647876739501953e+001 1.168144454956055e+002 -4.127727050781250e+002 
7.648869323730469e+001 1.168094635009766e+002 -4.128807067871094e+002 
7.651451110839844e+001 1.168021545410156e+002 -4.131583251953125e+002 
7.668698120117188e+001 1.167414703369141e+002 -4.150197143554688e+002 
7.674108886718750e+001 1.167055511474609e+002 -4.156142272949219e+002 
7.686352539062500e+001 1.166756134033203e+002 -4.169274597167969e+002 
7.694891357421875e+001 1.166446838378906e+002 -4.178496093750000e+002 

