# AmiraMesh 3D ASCII 2.0


define Lines 80
nVertices 79

Parameters {
    ContentType "HxLineSet"
}

Lines { int LineIdx } @1
Vertices { float[3] Coordinates } @2

# Data section follows
@1
0 
2 
3 
4 
5 
6 
7 
8 
9 
10 
11 
12 
13 
14 
15 
16 
17 
18 
19 
20 
21 
22 
23 
24 
25 
26 
27 
28 
29 
30 
1 
32 
33 
34 
35 
36 
37 
38 
39 
40 
41 
42 
43 
44 
45 
46 
47 
48 
49 
50 
51 
52 
53 
54 
55 
56 
57 
58 
59 
60 
61 
62 
63 
64 
31 
66 
67 
68 
69 
70 
71 
72 
73 
74 
75 
76 
77 
78 
65 
-1 

@2
9.057618713378906e+001 1.283419799804688e+002 -3.774788818359375e+002 
9.378324127197266e+001 1.388898162841797e+002 -4.000370483398438e+002 
9.069161224365234e+001 1.284982299804688e+002 -3.784516296386719e+002 
9.069296264648438e+001 1.285001068115234e+002 -3.784630737304688e+002 
9.069328308105469e+001 1.285004272460938e+002 -3.784656982421875e+002 
9.069563293457031e+001 1.285038299560547e+002 -3.784853210449219e+002 
9.092039489746094e+001 1.288343811035156e+002 -3.803605957031250e+002 
9.095067596435547e+001 1.288816528320313e+002 -3.806113281250000e+002 
9.096189880371094e+001 1.289046630859375e+002 -3.807001953125000e+002 
9.114742279052734e+001 1.292853393554688e+002 -3.821704711914063e+002 
9.116680145263672e+001 1.293783721923828e+002 -3.822857055664063e+002 
9.120053863525391e+001 1.294813079833984e+002 -3.825288696289063e+002 
9.134297180175781e+001 1.300119171142578e+002 -3.834859924316406e+002 
9.138627624511719e+001 1.301965026855469e+002 -3.837600708007813e+002 
9.150306701660156e+001 1.307427062988281e+002 -3.844650268554688e+002 
9.163180541992188e+001 1.314122924804688e+002 -3.851931762695313e+002 
9.186332702636719e+001 1.325513153076172e+002 -3.865496826171875e+002 
9.193430328369141e+001 1.328702087402344e+002 -3.869874267578125e+002 
9.204237365722656e+001 1.333784790039063e+002 -3.876375122070313e+002 
9.218866729736328e+001 1.340582427978516e+002 -3.885234985351563e+002 
9.229546356201172e+001 1.345298614501953e+002 -3.891879577636719e+002 
9.244758605957031e+001 1.351163024902344e+002 -3.901959838867188e+002 
9.249663543701172e+001 1.353175964355469e+002 -3.905122070312500e+002 
9.254795074462891e+001 1.355097045898438e+002 -3.908562622070313e+002 
9.271736145019531e+001 1.361045227050781e+002 -3.920209655761719e+002 
9.285094451904297e+001 1.365541076660156e+002 -3.929530944824219e+002 
9.297365570068359e+001 1.369670562744141e+002 -3.938094482421875e+002 
9.313057708740234e+001 1.373788146972656e+002 -3.949884643554688e+002 
9.322541046142578e+001 1.376296234130859e+002 -3.956994018554688e+002 
9.345245361328125e+001 1.381661987304688e+002 -3.974477233886719e+002 
9.354021453857422e+001 1.383637695312500e+002 -3.981306762695313e+002 
9.475157165527344e+001 1.457079772949219e+002 -4.230001831054688e+002 
9.380154418945313e+001 1.390168914794922e+002 -4.004886169433594e+002 
9.380851745605469e+001 1.390653686523438e+002 -4.006595764160156e+002 
9.382812500000000e+001 1.392083892822266e+002 -4.010774536132813e+002 
9.387483978271484e+001 1.395472564697266e+002 -4.020965270996094e+002 
9.387777709960938e+001 1.395690765380859e+002 -4.021493530273438e+002 
9.388601684570313e+001 1.396281127929688e+002 -4.023359985351563e+002 
9.394123840332031e+001 1.400147399902344e+002 -4.036662902832031e+002 
9.394226074218750e+001 1.400218200683594e+002 -4.036927490234375e+002 
9.403247833251953e+001 1.406041259765625e+002 -4.063284301757813e+002 
9.404959106445313e+001 1.407120513916016e+002 -4.068515930175781e+002 
9.408644104003906e+001 1.409254760742188e+002 -4.081581420898438e+002 
9.412838745117188e+001 1.411994171142578e+002 -4.093529052734375e+002 
9.416360473632813e+001 1.414166259765625e+002 -4.104773864746094e+002 
9.418290710449219e+001 1.415429687500000e+002 -4.110248413085938e+002 
9.422846221923828e+001 1.418331298828125e+002 -4.123911743164063e+002 
9.426377868652344e+001 1.420683746337891e+002 -4.133549804687500e+002 
9.429621887207031e+001 1.423295593261719e+002 -4.138177490234375e+002 
9.436849212646484e+001 1.429629211425781e+002 -4.143629150390625e+002 
9.440433502197266e+001 1.432374877929688e+002 -4.150051269531250e+002 
9.442875671386719e+001 1.434321594238281e+002 -4.153728942871094e+002 
9.442727661132813e+001 1.433923645019531e+002 -4.156116333007813e+002 
9.446862792968750e+001 1.437115173339844e+002 -4.163294677734375e+002 
9.448364257812500e+001 1.438174896240234e+002 -4.166825866699219e+002 
9.453206634521484e+001 1.441681518554688e+002 -4.177410278320313e+002 
9.454713439941406e+001 1.442750701904297e+002 -4.180910034179688e+002 
9.456105804443359e+001 1.443700256347656e+002 -4.184496154785156e+002 
9.459989929199219e+001 1.446283721923828e+002 -4.195115051269531e+002 
9.460239410400391e+001 1.446444091796875e+002 -4.195859985351563e+002 
9.460457611083984e+001 1.446586151123047e+002 -4.196487426757813e+002 
9.461361694335938e+001 1.447211456298828e+002 -4.198737487792969e+002 
9.464884948730469e+001 1.449589538574219e+002 -4.208057556152344e+002 
9.467303466796875e+001 1.451298675537109e+002 -4.213734741210938e+002 
9.470082092285156e+001 1.453235321044922e+002 -4.220512695312500e+002 
9.512095642089844e+001 1.482815551757813e+002 -4.317550048828125e+002 
9.475639343261719e+001 1.457391052246094e+002 -4.230775146484375e+002 
9.476357269287109e+001 1.457869720458984e+002 -4.232167358398438e+002 
9.477123260498047e+001 1.458411865234375e+002 -4.234107055664063e+002 
9.484977722167969e+001 1.463535614013672e+002 -4.247669372558594e+002 
9.487232971191406e+001 1.465019531250000e+002 -4.251757202148438e+002 
9.494236755371094e+001 1.469645080566406e+002 -4.264666748046875e+002 
9.495902252197266e+001 1.470762786865234e+002 -4.267997131347656e+002 
9.497138977050781e+001 1.471752471923828e+002 -4.272785034179688e+002 
9.497399902343750e+001 1.472577056884766e+002 -4.282723388671875e+002 
9.502800750732422e+001 1.475968475341797e+002 -4.290139160156250e+002 
9.505373382568359e+001 1.477709503173828e+002 -4.295488891601563e+002 
9.508662414550781e+001 1.480306854248047e+002 -4.307712097167969e+002 
9.510346984863281e+001 1.481471252441406e+002 -4.311574401855469e+002 

