# AmiraMesh 3D ASCII 2.0


define Lines 61
nVertices 60

Parameters {
    ContentType "HxLineSet"
}

Lines { int LineIdx } @1
Vertices { float[3] Coordinates } @2

# Data section follows
@1
0 
2 
3 
4 
5 
6 
7 
8 
9 
10 
11 
12 
13 
14 
15 
16 
17 
18 
19 
20 
21 
22 
23 
24 
25 
26 
27 
1 
29 
30 
31 
32 
33 
34 
35 
36 
37 
38 
39 
40 
41 
42 
43 
44 
45 
46 
28 
48 
49 
50 
51 
52 
53 
54 
55 
56 
57 
58 
59 
47 
-1 

@2
-3.856059312820435e+000 -7.561135864257813e+001 8.919334411621094e+001 
-3.569474220275879e+000 -7.108933258056641e+001 1.134325027465820e+002 
-3.853480339050293e+000 -7.555816650390625e+001 8.941189575195313e+001 
-3.852677345275879e+000 -7.554265594482422e+001 8.947991180419922e+001 
-3.852587699890137e+000 -7.554190826416016e+001 8.948759460449219e+001 
-3.852410793304443e+000 -7.553741455078125e+001 8.950238800048828e+001 
-3.836670160293579e+000 -7.525127410888672e+001 9.083493041992188e+001 
-3.818255901336670e+000 -7.461688232421875e+001 9.240386962890625e+001 
-3.810251474380493e+000 -7.438285827636719e+001 9.308429718017578e+001 
-3.806968212127686e+000 -7.426530456542969e+001 9.336437988281250e+001 
-3.797397613525391e+000 -7.394645690917969e+001 9.417938995361328e+001 
-3.793207168579102e+000 -7.379378509521484e+001 9.453655242919922e+001 
-3.791018486022949e+000 -7.373469543457031e+001 9.472258758544922e+001 
-3.771960258483887e+000 -7.313024902343750e+001 9.634438323974609e+001 
-3.757987976074219e+000 -7.279978942871094e+001 9.752976226806641e+001 
-3.755892276763916e+000 -7.274488067626953e+001 9.770780944824219e+001 
-3.752402782440186e+000 -7.268888854980469e+001 9.800294494628906e+001 
-3.729047536849976e+000 -7.223298645019531e+001 9.998141479492188e+001 
-3.713996887207031e+000 -7.205906677246094e+001 1.012520828247070e+002 
-3.696407318115234e+000 -7.177947235107422e+001 1.027398681640625e+002 
-3.677100181579590e+000 -7.162814331054688e+001 1.043678131103516e+002 
-3.660983562469482e+000 -7.151329040527344e+001 1.057263488769531e+002 
-3.638890266418457e+000 -7.147619628906250e+001 1.075847167968750e+002 
-3.616538286209106e+000 -7.140327453613281e+001 1.094658508300781e+002 
-3.600967168807983e+000 -7.127822113037109e+001 1.107789993286133e+002 
-3.598222017288208e+000 -7.123913574218750e+001 1.110111465454102e+002 
-3.596745729446411e+000 -7.123704528808594e+001 1.111350173950195e+002 
-3.590767145156860e+000 -7.120643615722656e+001 1.116388244628906e+002 
-3.975539445877075e+000 -6.632868194580078e+001 1.334302062988281e+002 
-3.619594097137451e+000 -7.098838806152344e+001 1.148738250732422e+002 
-3.651698112487793e+000 -7.087077331542969e+001 1.159087905883789e+002 
-3.651993751525879e+000 -7.073049926757813e+001 1.162118225097656e+002 
-3.714005231857300e+000 -7.054385375976563e+001 1.181257019042969e+002 
-3.722485065460205e+000 -7.051227569580078e+001 1.184000701904297e+002 
-3.736257553100586e+000 -7.041675567626953e+001 1.189392700195313e+002 
-3.784430980682373e+000 -7.002342987060547e+001 1.209497680664063e+002 
-3.809474468231201e+000 -6.975288391113281e+001 1.221345443725586e+002 
-3.825212001800537e+000 -6.957392883300781e+001 1.228978500366211e+002 
-3.850459575653076e+000 -6.926671600341797e+001 1.241648559570313e+002 
-3.877882003784180e+000 -6.896434783935547e+001 1.254749145507813e+002 
-3.924468040466309e+000 -6.831985473632813e+001 1.279767456054688e+002 
-3.926121711730957e+000 -6.829017639160156e+001 1.280799255371094e+002 
-3.926329851150513e+000 -6.827708435058594e+001 1.281126251220703e+002 
-3.939854860305786e+000 -6.738027191162109e+001 1.303365783691406e+002 
-3.956377983093262e+000 -6.698968505859375e+001 1.315657196044922e+002 
-3.970458030700684e+000 -6.662851715087891e+001 1.326729736328125e+002 
-3.974443435668945e+000 -6.639329528808594e+001 1.332669830322266e+002 
-5.431931018829346e+000 -5.964835739135742e+001 1.459621582031250e+002 
-4.177281379699707e+000 -6.564321899414063e+001 1.351201477050781e+002 
-4.266986846923828e+000 -6.531982421875000e+001 1.358751831054688e+002 
-4.309406280517578e+000 -6.517449188232422e+001 1.362307281494141e+002 
-4.354502677917481e+000 -6.491036224365234e+001 1.366297607421875e+002 
-4.463172912597656e+000 -6.447499084472656e+001 1.375527191162109e+002 
-4.634630203247070e+000 -6.375523376464844e+001 1.390152893066406e+002 
-4.664629459381104e+000 -6.361980438232422e+001 1.392730255126953e+002 
-4.682699680328369e+000 -6.354113769531250e+001 1.394277038574219e+002 
-4.938039302825928e+000 -6.232540512084961e+001 1.416333923339844e+002 
-5.011469364166260e+000 -6.195269775390625e+001 1.422721252441406e+002 
-5.139267921447754e+000 -6.125029754638672e+001 1.433941345214844e+002 
-5.343361854553223e+000 -6.014248657226563e+001 1.451831970214844e+002 

