# AmiraMesh 3D ASCII 2.0


define Lines 126
nVertices 125

Parameters {
    ContentType "HxLineSet"
}

Lines { int LineIdx } @1
Vertices { float[3] Coordinates } @2

# Data section follows
@1
0 
2 
3 
4 
5 
6 
7 
8 
9 
10 
11 
12 
13 
14 
15 
16 
17 
18 
19 
20 
21 
22 
23 
24 
25 
26 
27 
28 
29 
30 
31 
32 
33 
34 
35 
36 
37 
38 
39 
40 
41 
42 
43 
44 
45 
46 
47 
48 
49 
50 
51 
52 
53 
54 
55 
56 
57 
58 
59 
60 
61 
62 
63 
64 
65 
66 
67 
68 
69 
70 
71 
72 
73 
74 
75 
76 
77 
78 
79 
80 
81 
82 
1 
84 
85 
86 
87 
88 
89 
90 
91 
92 
93 
94 
95 
96 
97 
98 
99 
100 
101 
102 
103 
104 
83 
106 
107 
108 
109 
110 
111 
112 
113 
114 
115 
116 
117 
118 
119 
120 
121 
122 
123 
124 
105 
-1 

@2
4.261234664916992e+001 8.834162902832031e+001 -9.131721496582031e+000 
4.666126251220703e+001 6.867825317382813e+001 -1.887814044952393e+000 
4.261305999755859e+001 8.833858489990234e+001 -9.129978179931641e+000 
4.265101242065430e+001 8.816468048095703e+001 -9.050126075744629e+000 
4.272960281372070e+001 8.776820373535156e+001 -8.926465034484863e+000 
4.274114608764648e+001 8.771992492675781e+001 -8.896984100341797e+000 
4.280953979492188e+001 8.738451385498047e+001 -8.778268814086914e+000 
4.287192535400391e+001 8.710176086425781e+001 -8.643463134765625e+000 
4.288314437866211e+001 8.704632568359375e+001 -8.624589920043945e+000 
4.293367767333984e+001 8.680843353271484e+001 -8.525527000427246e+000 
4.296371078491211e+001 8.667338562011719e+001 -8.459401130676270e+000 
4.301004791259766e+001 8.642816162109375e+001 -8.399610519409180e+000 
4.307451629638672e+001 8.609503173828125e+001 -8.307312011718750e+000 
4.313805770874023e+001 8.580937194824219e+001 -8.167299270629883e+000 
4.314419174194336e+001 8.578278350830078e+001 -8.152646064758301e+000 
4.319938659667969e+001 8.549246978759766e+001 -8.079422950744629e+000 
4.328385925292969e+001 8.505700683593750e+001 -7.957180500030518e+000 
4.336855316162109e+001 8.465432739257813e+001 -7.795702934265137e+000 
4.343350219726563e+001 8.430952453613281e+001 -7.713269233703613e+000 
4.348165130615234e+001 8.409577941894531e+001 -7.604006767272949e+000 
4.351103210449219e+001 8.396694946289063e+001 -7.535664558410645e+000 
4.357385253906250e+001 8.362953186035156e+001 -7.460324287414551e+000 
4.361022949218750e+001 8.343593597412109e+001 -7.414586067199707e+000 
4.368415069580078e+001 8.311375427246094e+001 -7.240097999572754e+000 
4.369416046142578e+001 8.306986999511719e+001 -7.216868877410889e+000 
4.371718215942383e+001 8.295919799804688e+001 -7.174348831176758e+000 
4.378821563720703e+001 8.257794189453125e+001 -7.088878631591797e+000 
4.383551025390625e+001 8.237223815917969e+001 -6.976739883422852e+000 
4.386029434204102e+001 8.224780273437500e+001 -6.937064170837402e+000 
4.393441772460938e+001 8.187698364257813e+001 -6.816930294036865e+000 
4.398888778686523e+001 8.163192749023438e+001 -6.697115898132324e+000 
4.403833389282227e+001 8.142300415039063e+001 -6.572928905487061e+000 
4.407494354248047e+001 8.123536682128906e+001 -6.518689155578613e+000 
4.410400390625000e+001 8.110557556152344e+001 -6.453690528869629e+000 
4.416857147216797e+001 8.082353210449219e+001 -6.301904678344727e+000 
4.421856307983398e+001 8.057779693603516e+001 -6.216002464294434e+000 
4.423276138305664e+001 8.050625610351563e+001 -6.193572998046875e+000 
4.425486373901367e+001 8.042215728759766e+001 -6.127393245697022e+000 
4.432814788818359e+001 8.009300994873047e+001 -5.965659141540527e+000 
4.438355636596680e+001 7.984828186035156e+001 -5.838582038879395e+000 
4.441322326660156e+001 7.971899414062500e+001 -5.768562316894531e+000 
4.449531936645508e+001 7.935834503173828e+001 -5.578060626983643e+000 
4.451280975341797e+001 7.927975463867188e+001 -5.539497852325440e+000 
4.451628875732422e+001 7.926550292968750e+001 -5.530271053314209e+000 
4.458803558349609e+001 7.895199584960938e+001 -5.361856937408447e+000 
4.465307998657227e+001 7.866463470458984e+001 -5.212812900543213e+000 
4.466420364379883e+001 7.861391448974609e+001 -5.189106464385986e+000 
4.476924133300781e+001 7.811462402343750e+001 -4.988822937011719e+000 
4.482924652099609e+001 7.787223052978516e+001 -4.825268745422363e+000 
4.485469436645508e+001 7.776529693603516e+001 -4.760664463043213e+000 
4.496727752685547e+001 7.725403594970703e+001 -4.518541812896729e+000 
4.500559234619141e+001 7.707899475097656e+001 -4.437357425689697e+000 
4.506343841552734e+001 7.681704711914063e+001 -4.312147617340088e+000 
4.513266754150391e+001 7.650491333007813e+001 -4.160675048828125e+000 
4.515094757080078e+001 7.640775299072266e+001 -4.137568473815918e+000 
4.520077514648438e+001 7.619881439208984e+001 -4.010560035705566e+000 
4.525103378295898e+001 7.596542358398438e+001 -3.908388376235962e+000 
4.530977630615234e+001 7.566400146484375e+001 -3.821739673614502e+000 
4.540092468261719e+001 7.525225067138672e+001 -3.623256683349609e+000 
4.541607666015625e+001 7.518265533447266e+001 -3.591586112976074e+000 
4.546039962768555e+001 7.495707702636719e+001 -3.524150371551514e+000 
4.549206542968750e+001 7.479240417480469e+001 -3.479967117309570e+000 
4.554433441162109e+001 7.457118988037109e+001 -3.349092483520508e+000 
4.555767822265625e+001 7.451642608642578e+001 -3.313694000244141e+000 
4.556488037109375e+001 7.448126220703125e+001 -3.301068782806397e+000 
4.564455032348633e+001 7.406020355224609e+001 -3.197624206542969e+000 
4.569078826904297e+001 7.383846282958984e+001 -3.111657381057739e+000 
4.576307678222656e+001 7.350283813476563e+001 -2.964635848999023e+000 
4.580611801147461e+001 7.326887512207031e+001 -2.916235923767090e+000 
4.586755371093750e+001 7.298866271972656e+001 -2.785517692565918e+000 
4.594898223876953e+001 7.258328247070313e+001 -2.651230096817017e+000 
4.601094818115234e+001 7.224149322509766e+001 -2.587203025817871e+000 
4.610358428955078e+001 7.181194305419922e+001 -2.398108005523682e+000 
4.610509490966797e+001 7.180451202392578e+001 -2.395514965057373e+000 
4.611383819580078e+001 7.175455474853516e+001 -2.388414382934570e+000 
4.623589324951172e+001 7.105278015136719e+001 -2.295043230056763e+000 
4.624298095703125e+001 7.101422119140625e+001 -2.287181854248047e+000 
4.624963760375977e+001 7.098302459716797e+001 -2.273846864700317e+000 
4.635847854614258e+001 7.041600799560547e+001 -2.123219013214111e+000 
4.641876220703125e+001 7.007106018066406e+001 -2.075160741806030e+000 
4.650975036621094e+001 6.953605651855469e+001 -2.019089221954346e+000 
4.659312438964844e+001 6.903799438476563e+001 -1.976642370223999e+000 
4.663859558105469e+001 6.879890441894531e+001 -1.916333436965942e+000 
4.792980957031250e+001 5.462429809570313e+001 -1.475244879722595e+000 
4.668171691894531e+001 6.848445129394531e+001 -1.837823390960693e+000 
4.670178985595703e+001 6.826657104492188e+001 -1.825276613235474e+000 
4.678637695312500e+001 6.735950469970703e+001 -1.758076786994934e+000 
4.682287979125977e+001 6.695312500000000e+001 -1.748809337615967e+000 
4.687538528442383e+001 6.638197326660156e+001 -1.717781543731690e+000 
4.700729751586914e+001 6.491936492919922e+001 -1.676455259323120e+000 
4.700778961181641e+001 6.491426086425781e+001 -1.675797700881958e+000 
4.700827789306641e+001 6.490904998779297e+001 -1.675437211990356e+000 
4.709239959716797e+001 6.404341125488281e+001 -1.560416460037231e+000 
4.713725280761719e+001 6.358245086669922e+001 -1.498193502426148e+000 
4.718451309204102e+001 6.305886077880859e+001 -1.482805490493774e+000 
4.725514602661133e+001 6.226477050781250e+001 -1.475157856941223e+000 
4.728701782226563e+001 6.190944671630859e+001 -1.467748403549194e+000 
4.739626312255859e+001 6.069371032714844e+001 -1.439343929290772e+000 
4.748013305664063e+001 5.973897171020508e+001 -1.445918440818787e+000 
4.756897735595703e+001 5.874178314208984e+001 -1.434080362319946e+000 
4.760160827636719e+001 5.837036514282227e+001 -1.436543464660645e+000 
4.767138671875000e+001 5.756841278076172e+001 -1.452096223831177e+000 
4.784654617309570e+001 5.559457397460938e+001 -1.439167618751526e+000 
4.784767150878906e+001 5.558167648315430e+001 -1.439391136169434e+000 
4.786817932128906e+001 5.534281158447266e+001 -1.448130130767822e+000 
4.866193771362305e+001 4.187557983398438e+001 -1.511423945426941e+000 
4.798598480224609e+001 5.362361526489258e+001 -1.511740326881409e+000 
4.799123001098633e+001 5.353149032592773e+001 -1.513120055198669e+000 
4.803982543945313e+001 5.260144805908203e+001 -1.640620231628418e+000 
4.804684448242188e+001 5.246517944335938e+001 -1.661844134330750e+000 
4.813118743896484e+001 5.094162750244141e+001 -1.748023509979248e+000 
4.819899368286133e+001 4.974833679199219e+001 -1.770095109939575e+000 
4.822480010986328e+001 4.929407119750977e+001 -1.778741121292114e+000 
4.823827362060547e+001 4.905265045166016e+001 -1.789376616477966e+000 
4.829742431640625e+001 4.799516296386719e+001 -1.833399295806885e+000 
4.832498168945313e+001 4.748303985595703e+001 -1.882942557334900e+000 
4.833774566650391e+001 4.728634643554688e+001 -1.845390439033508e+000 
4.841194152832031e+001 4.602796173095703e+001 -1.799012184143066e+000 
4.843340682983398e+001 4.567590713500977e+001 -1.767625093460083e+000 
4.848258590698242e+001 4.485165786743164e+001 -1.722050189971924e+000 
4.853942871093750e+001 4.388871765136719e+001 -1.684973955154419e+000 
4.855615234375000e+001 4.361355209350586e+001 -1.661559224128723e+000 
4.859564971923828e+001 4.300522613525391e+001 -1.545080304145813e+000 
4.860620880126953e+001 4.283641052246094e+001 -1.523069262504578e+000 
4.863139724731445e+001 4.240269088745117e+001 -1.516980648040772e+000 

