# AmiraMesh 3D ASCII 2.0


define Lines 135
nVertices 134

Parameters {
    ContentType "HxLineSet"
}

Lines { int LineIdx } @1
Vertices { float[3] Coordinates } @2

# Data section follows
@1
0 
2 
3 
4 
5 
6 
7 
8 
9 
10 
11 
12 
13 
14 
15 
16 
17 
18 
19 
20 
21 
22 
23 
24 
25 
26 
27 
28 
29 
30 
31 
32 
33 
34 
35 
36 
37 
38 
39 
40 
41 
42 
43 
44 
45 
46 
47 
48 
49 
50 
51 
52 
53 
54 
55 
56 
57 
58 
59 
60 
61 
1 
63 
64 
65 
66 
67 
68 
69 
70 
71 
72 
73 
74 
75 
76 
77 
78 
79 
80 
81 
82 
83 
84 
85 
86 
87 
88 
89 
90 
91 
92 
93 
94 
95 
96 
97 
98 
99 
100 
101 
102 
103 
104 
105 
106 
107 
62 
109 
110 
111 
112 
113 
114 
115 
116 
117 
118 
119 
120 
121 
122 
123 
124 
125 
126 
127 
128 
129 
130 
131 
132 
133 
108 
-1 

@2
-1.607629358768463e-001 -2.157750854492188e+002 -1.994249420166016e+002 
-5.614590644836426e-002 -2.250278778076172e+002 -2.201008605957031e+002 
-1.670654863119125e-001 -2.161456298828125e+002 -1.998247985839844e+002 
-1.733809411525726e-001 -2.165571899414063e+002 -2.002968750000000e+002 
-1.813163906335831e-001 -2.170027618408203e+002 -2.007632141113281e+002 
-1.814735084772110e-001 -2.172318572998047e+002 -2.011627502441406e+002 
-1.829872280359268e-001 -2.174568328857422e+002 -2.015002746582031e+002 
-1.847355067729950e-001 -2.176456604003906e+002 -2.017632293701172e+002 
-1.875072121620178e-001 -2.180024566650391e+002 -2.022829284667969e+002 
-1.888303607702255e-001 -2.183397827148438e+002 -2.028271026611328e+002 
-1.901626735925674e-001 -2.185686950683594e+002 -2.031786193847656e+002 
-1.896970123052597e-001 -2.187388916015625e+002 -2.034994506835938e+002 
-1.848979890346527e-001 -2.190641326904297e+002 -2.042719573974609e+002 
-1.845556795597076e-001 -2.190890960693359e+002 -2.043302001953125e+002 
-1.843458414077759e-001 -2.191192169189453e+002 -2.043922576904297e+002 
-1.845030188560486e-001 -2.192783508300781e+002 -2.046679992675781e+002 
-1.838408410549164e-001 -2.194056091308594e+002 -2.049205932617188e+002 
-1.747097223997116e-001 -2.198586273193359e+002 -2.060964355468750e+002 
-1.741941571235657e-001 -2.198844604492188e+002 -2.061631164550781e+002 
-1.735854148864746e-001 -2.199207000732422e+002 -2.062523803710938e+002 
-1.674242913722992e-001 -2.203337554931641e+002 -2.072362976074219e+002 
-1.644119173288345e-001 -2.204863891601563e+002 -2.076295776367188e+002 
-1.571332812309265e-001 -2.209512481689453e+002 -2.087512359619141e+002 
-1.567438542842865e-001 -2.209637756347656e+002 -2.087897949218750e+002 
-1.521187424659729e-001 -2.210462951660156e+002 -2.091250305175781e+002 
-1.513260304927826e-001 -2.211532897949219e+002 -2.093481140136719e+002 
-1.505860090255737e-001 -2.211920776367188e+002 -2.094454345703125e+002 
-1.496652066707611e-001 -2.212360992431641e+002 -2.095612182617188e+002 
-1.473333835601807e-001 -2.213024902343750e+002 -2.097738952636719e+002 
-1.431472301483154e-001 -2.215142669677734e+002 -2.103204040527344e+002 
-1.429084092378616e-001 -2.215244140625000e+002 -2.103482818603516e+002 
-1.408308595418930e-001 -2.215879821777344e+002 -2.105453796386719e+002 
-1.346878260374069e-001 -2.217551422119141e+002 -2.110928497314453e+002 
-1.325292736291885e-001 -2.219164733886719e+002 -2.114667968750000e+002 
-1.316324770450592e-001 -2.219783935546875e+002 -2.116134033203125e+002 
-1.309313774108887e-001 -2.220021209716797e+002 -2.116834106445313e+002 
-1.266303956508637e-001 -2.221043701171875e+002 -2.120399475097656e+002 
-1.256314814090729e-001 -2.222854461669922e+002 -2.124024047851563e+002 
-1.245869994163513e-001 -2.223262481689453e+002 -2.125173339843750e+002 
-1.213248819112778e-001 -2.224255218505859e+002 -2.128257446289063e+002 
-1.207428574562073e-001 -2.224389953613281e+002 -2.128737640380859e+002 
-1.204198747873306e-001 -2.224920654296875e+002 -2.129805603027344e+002 
-1.196662336587906e-001 -2.225058135986328e+002 -2.130366210937500e+002 
-1.139201521873474e-001 -2.227937927246094e+002 -2.137816772460938e+002 
-1.085898131132126e-001 -2.230397338867188e+002 -2.144354400634766e+002 
-1.068791747093201e-001 -2.231162719726563e+002 -2.146414184570313e+002 
-1.053904592990875e-001 -2.231645965576172e+002 -2.147872772216797e+002 
-1.000645682215691e-001 -2.234161682128906e+002 -2.154507904052734e+002 
-9.944090247154236e-002 -2.234479370117188e+002 -2.155322113037109e+002 
-9.319069981575012e-002 -2.237103271484375e+002 -2.162528991699219e+002 
-8.818907290697098e-002 -2.240101470947266e+002 -2.169885864257813e+002 
-8.690923452377319e-002 -2.240561523437500e+002 -2.171223907470703e+002 
-8.335053920745850e-002 -2.241984405517578e+002 -2.175199890136719e+002 
-7.457828521728516e-002 -2.245151519775391e+002 -2.184395141601563e+002 
-6.899319589138031e-002 -2.246878051757813e+002 -2.189741516113281e+002 
-6.833789497613907e-002 -2.246977844238281e+002 -2.190180664062500e+002 
-6.776556372642517e-002 -2.247210083007813e+002 -2.190826110839844e+002 
-6.731888651847839e-002 -2.247496795654297e+002 -2.191517333984375e+002 
-6.662495434284210e-002 -2.247975463867188e+002 -2.192648010253906e+002 
-6.499048322439194e-002 -2.248419647216797e+002 -2.194123687744141e+002 
-6.184625625610352e-002 -2.248913879394531e+002 -2.196265563964844e+002 
-5.809122323989868e-002 -2.249887084960938e+002 -2.199519348144531e+002 
2.630640566349030e-001 -2.249116973876953e+002 -2.394978027343750e+002 
-5.121651291847229e-002 -2.251538391113281e+002 -2.205799255371094e+002 
-4.920029640197754e-002 -2.251860351562500e+002 -2.207495727539063e+002 
-4.651278257369995e-002 -2.252547760009766e+002 -2.210105590820313e+002 
-4.362276196479797e-002 -2.253009338378906e+002 -2.212527770996094e+002 
-3.986972570419312e-002 -2.253997039794922e+002 -2.216216430664063e+002 
-3.767353296279907e-002 -2.254346618652344e+002 -2.218056030273438e+002 
-3.033995628356934e-002 -2.255469665527344e+002 -2.224128265380859e+002 
-2.966282516717911e-002 -2.255561523437500e+002 -2.224663696289063e+002 
-2.917422354221344e-002 -2.255597534179688e+002 -2.225023803710938e+002 
-2.357160300016403e-002 -2.256235809326172e+002 -2.229354858398438e+002 
-1.279080659151077e-002 -2.257388610839844e+002 -2.237583465576172e+002 
-9.577661752700806e-003 -2.257675781250000e+002 -2.239957275390625e+002 
-5.878157913684845e-003 -2.258067932128906e+002 -2.242774810791016e+002 
-1.413837075233460e-003 -2.258426361083984e+002 -2.246019592285156e+002 
1.655519008636475e-005 -2.258476257324219e+002 -2.246964416503906e+002 
2.458557486534119e-003 -2.258561859130859e+002 -2.248580017089844e+002 
3.024826198816299e-002 -2.259291839599609e+002 -2.266637420654297e+002 
3.255711495876312e-002 -2.259342346191406e+002 -2.268123779296875e+002 
3.475280106067658e-002 -2.259435577392578e+002 -2.269596099853516e+002 
4.446417093276978e-002 -2.259584808349609e+002 -2.275758056640625e+002 
5.290335416793823e-002 -2.259508666992188e+002 -2.280822448730469e+002 
6.637465953826904e-002 -2.259223327636719e+002 -2.288679199218750e+002 
7.528735697269440e-002 -2.259014434814453e+002 -2.293850097656250e+002 
7.853128015995026e-002 -2.258841552734375e+002 -2.295591125488281e+002 
8.363758027553558e-002 -2.258737487792969e+002 -2.298571319580078e+002 
1.018746197223663e-001 -2.258400878906250e+002 -2.309273529052734e+002 
1.143906116485596e-001 -2.258026123046875e+002 -2.316417541503906e+002 
1.201926022768021e-001 -2.257733154296875e+002 -2.319557495117188e+002 
1.321786642074585e-001 -2.256900024414063e+002 -2.325723571777344e+002 
1.385973393917084e-001 -2.256740112304688e+002 -2.329439697265625e+002 
1.508536636829376e-001 -2.256358489990234e+002 -2.336417236328125e+002 
1.609532535076141e-001 -2.255517883300781e+002 -2.341417388916016e+002 
1.690002083778381e-001 -2.255077056884766e+002 -2.345729522705078e+002 
1.815142631530762e-001 -2.254344329833984e+002 -2.352364654541016e+002 
1.939557194709778e-001 -2.253487243652344e+002 -2.358778381347656e+002 
1.983572244644165e-001 -2.253133239746094e+002 -2.360980072021484e+002 
2.024897336959839e-001 -2.252998657226563e+002 -2.363327789306641e+002 
2.145605981349945e-001 -2.252347106933594e+002 -2.369805603027344e+002 
2.213140726089478e-001 -2.251750488281250e+002 -2.373103027343750e+002 
2.268473953008652e-001 -2.251271057128906e+002 -2.375818481445313e+002 
2.469270080327988e-001 -2.250419616699219e+002 -2.386924285888672e+002 
2.486236393451691e-001 -2.250327758789063e+002 -2.387833709716797e+002 
2.566637396812439e-001 -2.249549560546875e+002 -2.391666564941406e+002 
2.586009800434113e-001 -2.249391326904297e+002 -2.392633209228516e+002 
2.622681558132172e-001 -2.249164886474609e+002 -2.394558105468750e+002 
9.534168243408203e-001 -2.235415344238281e+002 -2.481483154296875e+002 
3.078771829605103e-001 -2.248463287353516e+002 -2.400627593994141e+002 
3.563540577888489e-001 -2.247493896484375e+002 -2.406700592041016e+002 
3.593843579292297e-001 -2.247438354492188e+002 -2.407081146240234e+002 
4.099813401699066e-001 -2.246829376220703e+002 -2.413478393554688e+002 
4.206587076187134e-001 -2.246610412597656e+002 -2.414814300537109e+002 
4.618690907955170e-001 -2.245400085449219e+002 -2.419923095703125e+002 
4.968559741973877e-001 -2.245054626464844e+002 -2.424357604980469e+002 
5.366510152816773e-001 -2.244547119140625e+002 -2.429384460449219e+002 
5.580021142959595e-001 -2.244015502929688e+002 -2.432044372558594e+002 
5.842971801757813e-001 -2.243405761718750e+002 -2.435327148437500e+002 
6.231374740600586e-001 -2.242941589355469e+002 -2.440237579345703e+002 
6.355071663856506e-001 -2.242735443115234e+002 -2.441792907714844e+002 
6.986974477767944e-001 -2.241363677978516e+002 -2.449694366455078e+002 
7.049728035926819e-001 -2.241214294433594e+002 -2.450478668212891e+002 
7.055980563163757e-001 -2.241204071044922e+002 -2.450558319091797e+002 
7.497178316116333e-001 -2.239965820312500e+002 -2.456032104492188e+002 
7.594421505928040e-001 -2.239726562500000e+002 -2.457243957519531e+002 
7.725161910057068e-001 -2.239519042968750e+002 -2.458889465332031e+002 
8.117417097091675e-001 -2.238888244628906e+002 -2.463826141357422e+002 
8.458625674247742e-001 -2.237880859375000e+002 -2.468052673339844e+002 
8.609816431999207e-001 -2.237399139404297e+002 -2.469924316406250e+002 
8.681488037109375e-001 -2.237247009277344e+002 -2.470819091796875e+002 
9.147088527679443e-001 -2.236199188232422e+002 -2.476634979248047e+002 
9.217776060104370e-001 -2.235964355468750e+002 -2.477507019042969e+002 
9.489708542823792e-001 -2.235498352050781e+002 -2.480924835205078e+002 

