# AmiraMesh 3D ASCII 2.0


define Lines 142
nVertices 141

Parameters {
    ContentType "HxLineSet"
}

Lines { int LineIdx } @1
Vertices { float[3] Coordinates } @2

# Data section follows
@1
0 
2 
3 
4 
5 
6 
7 
8 
9 
10 
11 
12 
13 
14 
15 
16 
17 
18 
19 
20 
21 
22 
23 
24 
25 
26 
27 
28 
29 
30 
31 
32 
33 
34 
35 
36 
37 
38 
39 
40 
41 
42 
43 
44 
45 
46 
47 
48 
1 
50 
51 
52 
53 
54 
55 
56 
57 
58 
59 
60 
61 
62 
63 
64 
65 
66 
67 
68 
69 
70 
71 
72 
73 
74 
75 
76 
77 
78 
79 
80 
81 
82 
83 
84 
85 
86 
87 
88 
89 
90 
91 
92 
93 
94 
95 
96 
97 
98 
99 
49 
101 
102 
103 
104 
105 
106 
107 
108 
109 
110 
111 
112 
113 
114 
115 
116 
117 
118 
119 
120 
121 
100 
123 
124 
125 
126 
127 
128 
129 
130 
131 
132 
133 
134 
135 
136 
137 
138 
139 
140 
122 
-1 

@2
-7.104339003562927e-001 -2.362347717285156e+002 -1.045448684692383e+002 
5.431817471981049e-002 -2.320546264648438e+002 -1.226510620117188e+002 
-7.103800177574158e-001 -2.362373657226563e+002 -1.045497970581055e+002 
-7.048022150993347e-001 -2.362921142578125e+002 -1.047917175292969e+002 
-6.990029811859131e-001 -2.364017944335938e+002 -1.051113281250000e+002 
-6.837503314018250e-001 -2.363467254638672e+002 -1.055087356567383e+002 
-6.715894937515259e-001 -2.363073577880859e+002 -1.058322067260742e+002 
-6.506932973861694e-001 -2.361382904052734e+002 -1.062559432983398e+002 
-6.392090320587158e-001 -2.360324401855469e+002 -1.064721221923828e+002 
-6.159143447875977e-001 -2.358074951171875e+002 -1.068978347778320e+002 
-5.702357888221741e-001 -2.353201751708984e+002 -1.076731109619141e+002 
-5.625774860382080e-001 -2.352323760986328e+002 -1.077952575683594e+002 
-5.576723814010620e-001 -2.351678924560547e+002 -1.078628234863281e+002 
-5.251134634017944e-001 -2.347711486816406e+002 -1.083519287109375e+002 
-5.164433717727661e-001 -2.346741027832031e+002 -1.084930419921875e+002 
-4.571697711944580e-001 -2.338925476074219e+002 -1.093069839477539e+002 
-4.483823776245117e-001 -2.337763366699219e+002 -1.094272003173828e+002 
-4.298534989356995e-001 -2.335569915771484e+002 -1.097136764526367e+002 
-3.698742389678955e-001 -2.327682647705078e+002 -1.105398559570313e+002 
-3.581563532352448e-001 -2.326092376708984e+002 -1.106949462890625e+002 
-3.453398048877716e-001 -2.324496154785156e+002 -1.108829650878906e+002 
-3.194738626480103e-001 -2.321393127441406e+002 -1.112776489257813e+002 
-3.015229105949402e-001 -2.319530639648438e+002 -1.115891571044922e+002 
-2.826062440872192e-001 -2.317494812011719e+002 -1.119078826904297e+002 
-2.578179836273193e-001 -2.315070190429688e+002 -1.123569488525391e+002 
-2.453098297119141e-001 -2.313714904785156e+002 -1.125667037963867e+002 
-2.071157693862915e-001 -2.310780334472656e+002 -1.133617858886719e+002 
-1.892330646514893e-001 -2.309521484375000e+002 -1.137486343383789e+002 
-1.793704628944397e-001 -2.308844299316406e+002 -1.139646911621094e+002 
-1.657046377658844e-001 -2.308362426757813e+002 -1.143222961425781e+002 
-1.522142887115479e-001 -2.307888183593750e+002 -1.146755752563477e+002 
-1.339628696441650e-001 -2.307201538085938e+002 -1.151479492187500e+002 
-1.189484000205994e-001 -2.306687622070313e+002 -1.155432434082031e+002 
-1.158352196216583e-001 -2.306602172851563e+002 -1.156270904541016e+002 
-8.428710699081421e-002 -2.306623840332031e+002 -1.165993652343750e+002 
-7.632493972778320e-002 -2.307035522460938e+002 -1.168968734741211e+002 
-6.005862355232239e-002 -2.308255767822266e+002 -1.175538635253906e+002 
-3.965133428573608e-002 -2.309951934814453e+002 -1.183992156982422e+002 
-3.160330653190613e-002 -2.311090698242188e+002 -1.187931442260742e+002 
-1.394483819603920e-002 -2.313652801513672e+002 -1.196657791137695e+002 
-1.219458505511284e-002 -2.313852691650391e+002 -1.197453613281250e+002 
-1.077425107359886e-002 -2.314009246826172e+002 -1.198094406127930e+002 
2.437174320220947e-003 -2.314696502685547e+002 -1.203033828735352e+002 
1.469790935516357e-002 -2.316158905029297e+002 -1.208686370849609e+002 
2.062880992889404e-002 -2.316854858398438e+002 -1.211404037475586e+002 
2.961325645446777e-002 -2.318222961425781e+002 -1.215928421020508e+002 
3.506815433502197e-002 -2.318802185058594e+002 -1.218352813720703e+002 
4.525172710418701e-002 -2.319431610107422e+002 -1.222289733886719e+002 
5.047218501567841e-002 -2.319989624023438e+002 -1.224613189697266e+002 
3.423529565334320e-001 -2.307790374755859e+002 -1.432116851806641e+002 
5.430662631988525e-002 -2.320955200195313e+002 -1.227908401489258e+002 
5.553153157234192e-002 -2.320853118896484e+002 -1.228606872558594e+002 
5.820666998624802e-002 -2.322611999511719e+002 -1.236930541992188e+002 
5.825661122798920e-002 -2.322638092041016e+002 -1.237063903808594e+002 
6.357493251562119e-002 -2.323897247314453e+002 -1.245967864990234e+002 
6.417419016361237e-002 -2.324170379638672e+002 -1.247417907714844e+002 
6.761983036994934e-002 -2.325109863281250e+002 -1.253607177734375e+002 
6.843534111976624e-002 -2.325345306396484e+002 -1.255118865966797e+002 
7.355956733226776e-002 -2.325807495117188e+002 -1.261131134033203e+002 
7.563318312168121e-002 -2.325938568115234e+002 -1.263370666503906e+002 
7.577060163021088e-002 -2.325982971191406e+002 -1.263641891479492e+002 
7.663054019212723e-002 -2.326257934570313e+002 -1.265328063964844e+002 
8.194206655025482e-002 -2.327098236083984e+002 -1.272790908813477e+002 
8.243685960769653e-002 -2.327270202636719e+002 -1.273812408447266e+002 
8.413457870483398e-002 -2.327443389892578e+002 -1.275868072509766e+002 
9.932014346122742e-002 -2.327735137939453e+002 -1.290001983642578e+002 
1.053789854049683e-001 -2.327801055908203e+002 -1.295469665527344e+002 
1.082550883293152e-001 -2.327847747802734e+002 -1.298114929199219e+002 
1.142759919166565e-001 -2.327838745117188e+002 -1.303297576904297e+002 
1.300861239433289e-001 -2.327596740722656e+002 -1.316146087646484e+002 
1.403034031391144e-001 -2.327346343994141e+002 -1.324131469726563e+002 
1.507133394479752e-001 -2.326803894042969e+002 -1.331283874511719e+002 
1.539360582828522e-001 -2.326552276611328e+002 -1.333209991455078e+002 
1.634443700313568e-001 -2.325994415283203e+002 -1.339531097412109e+002 
1.644963026046753e-001 -2.325938110351563e+002 -1.340246887207031e+002 
1.773797422647476e-001 -2.325220489501953e+002 -1.348938903808594e+002 
1.810469776391983e-001 -2.324891967773438e+002 -1.350992584228516e+002 
1.930870711803436e-001 -2.323749237060547e+002 -1.357505340576172e+002 
2.022852599620819e-001 -2.323259582519531e+002 -1.363792419433594e+002 
2.034576833248138e-001 -2.323172302246094e+002 -1.364500274658203e+002 
2.158872783184052e-001 -2.321920928955078e+002 -1.370983276367188e+002 
2.200287282466888e-001 -2.321519470214844e+002 -1.373214263916016e+002 
2.266369163990021e-001 -2.321116333007813e+002 -1.377534790039063e+002 
2.320878952741623e-001 -2.320551757812500e+002 -1.380331268310547e+002 
2.405177652835846e-001 -2.319514923095703e+002 -1.384070129394531e+002 
2.506468892097473e-001 -2.318849945068359e+002 -1.390559692382813e+002 
2.506780028343201e-001 -2.318847198486328e+002 -1.390576324462891e+002 
2.507069408893585e-001 -2.318842620849609e+002 -1.390596313476563e+002 
2.626687288284302e-001 -2.317234802246094e+002 -1.395437316894531e+002 
2.663031220436096e-001 -2.317023620605469e+002 -1.397870025634766e+002 
2.693657577037811e-001 -2.316701354980469e+002 -1.399396362304688e+002 
2.769518792629242e-001 -2.315748291015625e+002 -1.402724304199219e+002 
2.792001962661743e-001 -2.315426025390625e+002 -1.403560028076172e+002 
2.802194654941559e-001 -2.315328369140625e+002 -1.404140167236328e+002 
2.853884696960449e-001 -2.314774780273438e+002 -1.406696472167969e+002 
3.099574744701386e-001 -2.311855468750000e+002 -1.417980651855469e+002 
3.159963488578796e-001 -2.311127929687500e+002 -1.420719604492188e+002 
3.182944059371948e-001 -2.310853576660156e+002 -1.421758422851563e+002 
3.310831189155579e-001 -2.309193115234375e+002 -1.427164306640625e+002 
3.379622995853424e-001 -2.308366851806641e+002 -1.430305938720703e+002 
5.702321529388428e-001 -2.275774230957031e+002 -1.530553131103516e+002 
3.454542756080627e-001 -2.307373352050781e+002 -1.433426666259766e+002 
3.473039269447327e-001 -2.306982421875000e+002 -1.434414062500000e+002 
3.613342642784119e-001 -2.305857391357422e+002 -1.439236450195313e+002 
3.646395504474640e-001 -2.305443115234375e+002 -1.440594635009766e+002 
3.692146539688110e-001 -2.304993591308594e+002 -1.442280273437500e+002 
3.799637258052826e-001 -2.303560028076172e+002 -1.446811828613281e+002 
3.919580578804016e-001 -2.301773071289063e+002 -1.452143554687500e+002 
3.957605957984924e-001 -2.301126556396484e+002 -1.453951416015625e+002 
4.126464128494263e-001 -2.299220123291016e+002 -1.460556945800781e+002 
4.137750267982483e-001 -2.299090881347656e+002 -1.461004791259766e+002 
4.275045692920685e-001 -2.297331237792969e+002 -1.466685943603516e+002 
4.352410435676575e-001 -2.296146240234375e+002 -1.470172882080078e+002 
4.587191343307495e-001 -2.293071594238281e+002 -1.479984893798828e+002 
4.716232120990753e-001 -2.291099700927734e+002 -1.485792541503906e+002 
4.979739487171173e-001 -2.287418518066406e+002 -1.497144775390625e+002 
5.078458189964294e-001 -2.286257171630859e+002 -1.501076812744141e+002 
5.217286348342896e-001 -2.283650054931641e+002 -1.508039245605469e+002 
5.299491882324219e-001 -2.282509613037109e+002 -1.511571350097656e+002 
5.493506789207459e-001 -2.278830566406250e+002 -1.521351776123047e+002 
5.561200380325317e-001 -2.277997436523438e+002 -1.524102783203125e+002 
5.644906759262085e-001 -2.276737670898438e+002 -1.527841796875000e+002 
1.254026889801025e+000 -2.236482696533203e+002 -1.607622985839844e+002 
6.679179668426514e-001 -2.272219848632813e+002 -1.540279998779297e+002 
7.008032798767090e-001 -2.270962677001953e+002 -1.543592376708984e+002 
7.210550904273987e-001 -2.270174255371094e+002 -1.545641174316406e+002 
8.119570612907410e-001 -2.266143798828125e+002 -1.555142974853516e+002 
8.472424745559692e-001 -2.264504699707031e+002 -1.558878021240234e+002 
9.236222505569458e-001 -2.260586242675781e+002 -1.567194061279297e+002 
9.548486471176148e-001 -2.258916625976563e+002 -1.570635375976563e+002 
9.754631519317627e-001 -2.257799987792969e+002 -1.572916259765625e+002 
1.028700947761536e+000 -2.254268493652344e+002 -1.579211120605469e+002 
1.052731990814209e+000 -2.252746276855469e+002 -1.582006072998047e+002 
1.059037446975708e+000 -2.252532196044922e+002 -1.582626037597656e+002 
1.073562622070313e+000 -2.251538543701172e+002 -1.584362335205078e+002 
1.141082286834717e+000 -2.246605987548828e+002 -1.592628631591797e+002 
1.166374206542969e+000 -2.244361877441406e+002 -1.595971984863281e+002 
1.226559281349182e+000 -2.238258056640625e+002 -1.604405517578125e+002 
1.227084159851074e+000 -2.238195953369141e+002 -1.604483795166016e+002 
1.231784939765930e+000 -2.237878723144531e+002 -1.605042724609375e+002 
1.236313700675964e+000 -2.237561950683594e+002 -1.605588378906250e+002 

