# AmiraMesh 3D ASCII 2.0


define Lines 122
nVertices 121

Parameters {
    ContentType "HxLineSet"
}

Lines { int LineIdx } @1
Vertices { float[3] Coordinates } @2

# Data section follows
@1
0 
2 
3 
4 
5 
6 
7 
8 
9 
10 
11 
12 
13 
14 
15 
16 
17 
18 
19 
20 
21 
22 
23 
24 
25 
26 
27 
28 
29 
30 
31 
32 
33 
34 
35 
36 
37 
38 
39 
40 
41 
1 
43 
44 
45 
46 
47 
48 
49 
50 
51 
52 
53 
54 
55 
56 
57 
58 
59 
60 
61 
62 
63 
64 
65 
66 
67 
68 
69 
70 
71 
72 
73 
74 
75 
76 
77 
78 
79 
42 
81 
82 
83 
84 
85 
86 
87 
88 
89 
90 
91 
92 
93 
94 
95 
96 
97 
98 
99 
100 
101 
80 
103 
104 
105 
106 
107 
108 
109 
110 
111 
112 
113 
114 
115 
116 
117 
118 
119 
120 
102 
-1 

@2
-1.667212247848511e+000 -7.071784973144531e+001 -1.243799438476563e+003 
-1.900074124336243e+000 -7.190483093261719e+001 -1.223430297851563e+003 
-1.637189269065857e+000 -7.100101470947266e+001 -1.243374511718750e+003 
-1.630941510200501e+000 -7.106282043457031e+001 -1.243265625000000e+003 
-1.627100706100464e+000 -7.111126708984375e+001 -1.243128417968750e+003 
-1.625140428543091e+000 -7.123236083984375e+001 -1.242383544921875e+003 
-1.628606081008911e+000 -7.122338104248047e+001 -1.242266357421875e+003 
-1.649159789085388e+000 -7.118421173095703e+001 -1.241480468750000e+003 
-1.657274842262268e+000 -7.114178466796875e+001 -1.241353271484375e+003 
-1.684953212738037e+000 -7.100948333740234e+001 -1.240839355468750e+003 
-1.720727205276489e+000 -7.086370086669922e+001 -1.240004516601563e+003 
-1.726833820343018e+000 -7.084780883789063e+001 -1.239798583984375e+003 
-1.736458420753479e+000 -7.082927703857422e+001 -1.239431884765625e+003 
-1.756582498550415e+000 -7.078326416015625e+001 -1.238709716796875e+003 
-1.811161398887634e+000 -7.051923370361328e+001 -1.237726074218750e+003 
-1.822205066680908e+000 -7.047753906250000e+001 -1.237443359375000e+003 
-1.850717544555664e+000 -7.039772796630859e+001 -1.236525268554688e+003 
-1.861135840415955e+000 -7.035795593261719e+001 -1.236264892578125e+003 
-1.869318842887878e+000 -7.033871459960938e+001 -1.235973754882813e+003 
-1.888290882110596e+000 -7.027594757080078e+001 -1.235429687500000e+003 
-1.907372236251831e+000 -7.020550537109375e+001 -1.234932861328125e+003 
-1.932990431785584e+000 -7.009041595458984e+001 -1.234408569335938e+003 
-1.936334609985352e+000 -7.012217712402344e+001 -1.234012939453125e+003 
-1.945630192756653e+000 -7.016435241699219e+001 -1.233232055664063e+003 
-1.953610777854919e+000 -7.013803863525391e+001 -1.233007324218750e+003 
-1.988734006881714e+000 -7.002452087402344e+001 -1.231979736328125e+003 
-1.986129760742188e+000 -7.021104431152344e+001 -1.230811523437500e+003 
-1.987059593200684e+000 -7.025303649902344e+001 -1.230469726562500e+003 
-1.991806268692017e+000 -7.029756164550781e+001 -1.229911743164063e+003 
-2.001232385635376e+000 -7.036939239501953e+001 -1.228922119140625e+003 
-1.995203018188477e+000 -7.045332336425781e+001 -1.228647338867188e+003 
-1.981370210647583e+000 -7.069153594970703e+001 -1.227699462890625e+003 
-1.981428742408752e+000 -7.070999908447266e+001 -1.227567749023438e+003 
-1.976877689361572e+000 -7.081221008300781e+001 -1.227086669921875e+003 
-1.972552776336670e+000 -7.093404388427734e+001 -1.226458984375000e+003 
-1.952402114868164e+000 -7.119194030761719e+001 -1.225702148437500e+003 
-1.946403145790100e+000 -7.127131652832031e+001 -1.225456542968750e+003 
-1.940027713775635e+000 -7.135513305664063e+001 -1.225201171875000e+003 
-1.923211336135864e+000 -7.159273529052734e+001 -1.224406738281250e+003 
-1.908460736274719e+000 -7.180742645263672e+001 -1.223679077148438e+003 
-1.907436013221741e+000 -7.182476806640625e+001 -1.223610107421875e+003 
-1.905094861984253e+000 -7.184948730468750e+001 -1.223556274414063e+003 
-2.477596044540405e+000 -7.797732543945313e+001 -1.201810546875000e+003 
-1.923908710479736e+000 -7.217714691162109e+001 -1.222816650390625e+003 
-1.942563533782959e+000 -7.239970397949219e+001 -1.222420776367188e+003 
-1.947274446487427e+000 -7.245465087890625e+001 -1.222304687500000e+003 
-1.949747562408447e+000 -7.248075866699219e+001 -1.222222534179688e+003 
-1.965971946716309e+000 -7.264080810546875e+001 -1.221485229492188e+003 
-1.977094531059265e+000 -7.275028228759766e+001 -1.220979858398438e+003 
-1.983113765716553e+000 -7.280986022949219e+001 -1.220707275390625e+003 
-2.003900766372681e+000 -7.305496215820313e+001 -1.220255126953125e+003 
-2.015356063842773e+000 -7.318647766113281e+001 -1.219956054687500e+003 
-2.031698226928711e+000 -7.336567687988281e+001 -1.219422119140625e+003 
-2.037870645523071e+000 -7.342977905273438e+001 -1.219194213867188e+003 
-2.067877292633057e+000 -7.375300598144531e+001 -1.218165283203125e+003 
-2.082480430603027e+000 -7.391500854492188e+001 -1.217718383789063e+003 
-2.089338779449463e+000 -7.399096679687500e+001 -1.217508544921875e+003 
-2.122184753417969e+000 -7.436008453369141e+001 -1.216569335937500e+003 
-2.131436824798584e+000 -7.445355224609375e+001 -1.216186523437500e+003 
-2.147099018096924e+000 -7.461175537109375e+001 -1.215510742187500e+003 
-2.183688640594482e+000 -7.501977539062500e+001 -1.214422363281250e+003 
-2.198692321777344e+000 -7.518328857421875e+001 -1.213931274414063e+003 
-2.201623916625977e+000 -7.521027374267578e+001 -1.213778564453125e+003 
-2.217744350433350e+000 -7.537670898437500e+001 -1.213136108398438e+003 
-2.235432863235474e+000 -7.554998016357422e+001 -1.212319946289063e+003 
-2.241028547286987e+000 -7.561383056640625e+001 -1.212169189453125e+003 
-2.260119438171387e+000 -7.581588745117188e+001 -1.211469970703125e+003 
-2.274580001831055e+000 -7.595175170898438e+001 -1.210732177734375e+003 
-2.287691593170166e+000 -7.607599639892578e+001 -1.210077026367188e+003 
-2.327413082122803e+000 -7.650094604492188e+001 -1.208682739257813e+003 
-2.329139232635498e+000 -7.652083587646484e+001 -1.208635009765625e+003 
-2.356921195983887e+000 -7.679730987548828e+001 -1.207405273437500e+003 
-2.358513355255127e+000 -7.681303405761719e+001 -1.207335693359375e+003 
-2.398890256881714e+000 -7.723072052001953e+001 -1.205738525390625e+003 
-2.406297445297241e+000 -7.730962371826172e+001 -1.205469482421875e+003 
-2.411185503005981e+000 -7.735077667236328e+001 -1.205166137695313e+003 
-2.420439481735230e+000 -7.740215301513672e+001 -1.204263061523438e+003 
-2.457120895385742e+000 -7.780918884277344e+001 -1.203149536132813e+003 
-2.458803415298462e+000 -7.782668304443359e+001 -1.203081909179688e+003 
-2.473613977432251e+000 -7.794477844238281e+001 -1.202069335937500e+003 
-2.478639602661133e+000 -7.850421905517578e+001 -1.189046264648438e+003 
-2.480917930603027e+000 -7.801827239990234e+001 -1.201488281250000e+003 
-2.482562780380249e+000 -7.803576660156250e+001 -1.201421264648438e+003 
-2.495100975036621e+000 -7.816020965576172e+001 -1.200911865234375e+003 
-2.512439250946045e+000 -7.833213806152344e+001 -1.200241455078125e+003 
-2.519064903259277e+000 -7.842795562744141e+001 -1.199248657226563e+003 
-2.516303300857544e+000 -7.842530059814453e+001 -1.198744506835938e+003 
-2.530311584472656e+000 -7.856333923339844e+001 -1.198229370117188e+003 
-2.538681507110596e+000 -7.865853881835938e+001 -1.197607910156250e+003 
-2.541021823883057e+000 -7.871070861816406e+001 -1.196804321289063e+003 
-2.533947944641113e+000 -7.868380737304688e+001 -1.196008544921875e+003 
-2.547430753707886e+000 -7.884118652343750e+001 -1.194909301757813e+003 
-2.547444343566895e+000 -7.885443115234375e+001 -1.194586669921875e+003 
-2.545204639434815e+000 -7.883825683593750e+001 -1.194522460937500e+003 
-2.545473098754883e+000 -7.885380554199219e+001 -1.194196655273438e+003 
-2.524797439575195e+000 -7.871756744384766e+001 -1.193300170898438e+003 
-2.523675918579102e+000 -7.874272155761719e+001 -1.192445312500000e+003 
-2.520295619964600e+000 -7.873688507080078e+001 -1.191892211914063e+003 
-2.519007205963135e+000 -7.875330352783203e+001 -1.191222412109375e+003 
-2.506985187530518e+000 -7.868936157226563e+001 -1.190321777343750e+003 
-2.493559122085571e+000 -7.859200286865234e+001 -1.189955200195313e+003 
-2.494085550308228e+000 -7.861146545410156e+001 -1.189586425781250e+003 
-2.813206434249878e+000 -7.622182464599609e+001 -1.177840576171875e+003 
-2.486013889312744e+000 -7.845391845703125e+001 -1.188791748046875e+003 
-2.486777067184448e+000 -7.845419311523438e+001 -1.188498046875000e+003 
-2.498952627182007e+000 -7.836749267578125e+001 -1.188276977539063e+003 
-2.507916450500488e+000 -7.831333923339844e+001 -1.187624511718750e+003 
-2.527734279632568e+000 -7.817994689941406e+001 -1.186865600585938e+003 
-2.541752099990845e+000 -7.808532714843750e+001 -1.186347656250000e+003 
-2.560658454895020e+000 -7.796230316162109e+001 -1.185409790039063e+003 
-2.591138601303101e+000 -7.776369476318359e+001 -1.183927246093750e+003 
-2.593086957931519e+000 -7.775051116943359e+001 -1.183857055664063e+003 
-2.595052242279053e+000 -7.773671722412109e+001 -1.183808837890625e+003 
-2.660233974456787e+000 -7.727200317382813e+001 -1.182628662109375e+003 
-2.682415485382080e+000 -7.712648773193359e+001 -1.181600708007813e+003 
-2.693395376205444e+000 -7.704937744140625e+001 -1.181340576171875e+003 
-2.698477983474731e+000 -7.701526641845703e+001 -1.181138793945313e+003 
-2.764620542526245e+000 -7.655331420898438e+001 -1.179457031250000e+003 
-2.765532970428467e+000 -7.655095672607422e+001 -1.179242797851563e+003 
-2.780406951904297e+000 -7.645480346679688e+001 -1.178484008789063e+003 
-2.800821781158447e+000 -7.631100463867188e+001 -1.178023559570313e+003 

