2.318635177612305e+001 -5.268533706665039e+001 4.529261474609375e+002 
2.469479179382324e+001 -5.528390502929688e+001 4.357184143066406e+002 
2.254224777221680e+001 -8.047439575195313e+001 4.195100708007813e+002 
2.126716041564941e+001 -9.954742431640625e+001 4.028013916015625e+002 
3.264487075805664e+001 -1.024433975219727e+002 3.193527526855469e+002 
5.025646972656250e+001 -3.428669357299805e+001 2.821767578125000e+002 
4.382865142822266e+001 8.204216003417969e+000 3.400010070800781e+002 
4.092369842529297e+001 -4.886993408203125e+001 4.578592834472656e+002 
6.391564846038818e+000 -4.401144790649414e+001 4.546596069335938e+002 
7.466480255126953e+001 -6.141561889648438e+001 4.315729980468750e+002 
-2.470324134826660e+001 -4.434206008911133e+001 4.180275878906250e+002 
7.813424682617188e+001 -7.289739990234375e+001 4.059655456542969e+002 
-2.254834747314453e+001 -5.442607116699219e+001 3.947379760742188e+002 
6.776278686523438e+001 -9.263778686523438e+001 4.041829833984375e+002 
-1.728758621215820e+001 -8.066960144042969e+001 3.924444274902344e+002 
5.882604217529297e+001 -1.020610580444336e+002 3.818926086425781e+002 
-8.458815574645996e+000 -9.118408966064453e+001 3.740840454101563e+002 
9.014633941650391e+001 -4.193024826049805e+001 3.689565429687500e+002 
-1.683287811279297e+001 -2.430358314514160e+001 3.518476257324219e+002 
9.600741577148438e+001 -2.673468780517578e+001 3.266966552734375e+002 
-7.534984588623047e+000 -1.895066833496094e+001 3.084324035644531e+002 

