# AmiraMesh 3D ASCII 2.0
define Markers 39
Parameters {
NumSets 1,
ContentType "LandmarkSet",
 color 0 0 1
}
Markers { float[3] Coordinates } @1
# Data section follows
@1
5.8164539 -56.6615295 -4.9910278
4.9056549 -51.2666626 20.9561024
4.0994515 -66.2416687 77.0675354
4.0890980 -72.2660828 84.0166168
3.3392513 2.3099976 74.7777252
3.4851317 -4.7263184 52.3067322
2.8139598 -16.6433105 38.5738220
4.6787148 -37.3231812 12.7809858
4.9736710 -50.0091553 -4.4855251
-23.4010620 -33.0265350 9.6099548
32.7166443 -32.3928070 9.0000153
-17.1308212 -31.5665474 9.2673035
26.2297745 -30.4583778 9.7028503
-16.4537086 0.6492615 46.7639923
22.6016350 1.7374573 46.0227890
-9.3513107 -51.5504456 35.6553345
19.7083626 -50.2156677 36.8794479
-20.8019466 -49.9897461 56.9963379
30.8508720 -47.1317139 57.1118469
-37.2735825 -56.3791351 77.5553436
45.4789543 -53.9120483 77.9263153
-43.3973999 -49.5201721 81.8322296
52.2887878 -46.6732445 82.3619232
-9.6156273 -48.2219543 64.8744049
17.5010128 -46.8476868 65.0564575
-33.9069824 -24.5548248 45.9503784
42.3406487 -22.5761566 47.8985138
-45.7444916 -23.8432312 65.0614700
54.4027252 -19.6534119 66.5394745
-48.6115570 -8.6415405 70.7800903
56.3587646 -4.7774658 71.5983963
-16.6873169 2.9501038 51.1670609
22.8922729 5.3310547 50.8327026
-14.5335655 3.1436462 69.4558563
20.2337189 7.0248108 72.3916779
-19.2294331 8.7357483 60.4483109
25.7169380 10.8392029 60.2013168
-27.6918488 -27.5206909 64.4876556
32.6793823 -23.4994965 64.8349609
