# AmiraMesh 3D ASCII 2.0
define Markers 22
Parameters {
NumSets 1,
ContentType "LandmarkSet",
 color 0 0 1
}
Markers { float[3] Coordinates } @1
# Data section follows
@1
2.556986 -47.878662 144.708344
2.884962 13.624132 173.924103
2.916037 31.104973 170.696152
1.049893 46.808380 132.668091
2.030551 35.385407 104.309929
2.357234 16.477722 90.905594
-48.660599 11.856979 111.343727
52.191147 15.810471 111.297272
-49.052795 18.163208 106.402908
53.708679 20.563202 106.648529
-36.647354 27.462692 152.383316
43.923477 28.955582 149.053909
-3.896410 37.650238 103.095940
7.388206 38.322540 103.044678
-12.767757 45.639587 117.210854
15.083277 47.999847 115.878120
-18.755262 41.003937 110.913414
21.600174 43.269134 110.830872
-6.044157 16.018387 89.454407
10.870066 16.681244 90.549103
-8.444000 7.097687 81.441498
13.067589 8.264069 80.794495
