# AmiraMesh 3D ASCII 2.0
define Markers 61
Parameters {
NumSets 1,
ContentType "LandmarkSet",
 color 0 0 1
}
Markers { float[3] Coordinates } @1
# Data section follows
@1
32.618366 92.245705 -45.746460
32.392754 89.155731 -45.143936
32.218086 69.191750 -23.199711
32.358414 67.193542 -19.421244
33.134899 44.517567 -38.140686
32.798653 58.555611 -45.122803
32.611752 68.701591 -47.493591
32.098183 82.367477 -49.039871
32.409039 89.834846 -47.514267
43.601109 84.526314 -49.756538
20.960348 84.045006 -49.860878
39.879692 83.380577 -50.738045
25.279440 83.362213 -50.090645
44.293865 55.777771 -49.744228
21.429808 54.845779 -50.907795
37.017120 81.699409 -36.767990
27.446373 81.272697 -36.897797
48.650852 69.897339 -36.879395
16.244598 68.971504 -36.822556
54.277939 61.972069 -23.436272
10.254612 60.147675 -24.683756
52.950565 59.650593 -20.024841
11.797676 57.260941 -20.308174
37.139782 70.042931 -30.999924
27.277721 70.025574 -31.345451
57.147430 63.109177 -48.224243
9.201966 62.311157 -48.149971
60.348068 57.713028 -41.937073
3.963627 54.315399 -41.860786
63.804909 47.485435 -43.871841
2.499969 45.916439 -43.863106
42.698021 52.023052 -46.814262
24.463503 51.194363 -46.796143
41.682423 40.671310 -42.283470
25.721521 39.954681 -42.536667
43.637684 46.586601 -47.547806
23.523447 45.732468 -47.674850
50.716606 56.946438 -43.401817
14.846758 55.991131 -43.458298
33.067410 34.946526 -2.346565
35.003113 5.635609 -10.694916
34.877289 2.513748 -13.542362
35.728855 5.234550 -31.679649
35.124123 17.195374 -41.033886
33.876450 30.975958 -39.510784
53.166599 24.693665 -34.332733
15.452660 22.994061 -34.964081
51.209808 22.482038 -40.711636
18.055550 21.626438 -41.495094
54.136238 10.571167 -21.850735
16.865057 8.024399 -23.553883
38.464554 15.583313 -41.650955
32.195927 15.302765 -41.776802
42.926888 9.980850 -37.374977
27.967762 9.305889 -38.385796
44.536884 12.530373 -39.693893
26.127769 12.415985 -40.375931
37.534485 31.544502 -39.225883
31.302109 31.000029 -39.392258
39.773144 42.905380 -40.950424
27.770264 42.943825 -40.902069
