# AmiraMesh 3D ASCII 2.0
define Markers 61
Parameters {
NumSets 1,
ContentType "LandmarkSet",
 color 0 0 1
}
Markers { float[3] Coordinates } @1
# Data section follows
@1
29.558199 120.210754 -107.177002
30.132595 116.716858 -108.432373
33.322289 81.585403 -117.139931
33.867767 75.696732 -120.167732
39.319595 68.659363 -92.304771
37.646500 85.596420 -86.204361
35.275532 95.207703 -89.525841
32.052429 113.096542 -99.147865
30.296659 119.050529 -103.606750
18.712154 113.100792 -97.110275
47.104530 115.190781 -100.203323
22.596264 113.252129 -97.314499
42.752007 115.017502 -99.595238
24.987522 84.681473 -77.430923
52.807472 87.776100 -80.230698
25.062239 109.885239 -108.581924
37.844681 110.371010 -109.473869
16.856640 85.413757 -103.124802
52.491924 89.956833 -107.205223
10.279390 72.214851 -109.733879
60.215256 78.388641 -115.614998
9.336372 66.773888 -109.819901
60.456371 72.603897 -118.651779
27.988525 77.374031 -111.770752
42.655048 77.491104 -113.965027
8.163998 87.230865 -84.234467
66.923401 93.281265 -90.859848
3.300743 73.290329 -88.597382
72.913857 80.845070 -96.991432
1.680088 61.450348 -76.579597
80.308769 69.170517 -87.324570
27.803230 75.561951 -81.786682
49.658165 79.613289 -84.049690
32.320518 56.977524 -80.290268
51.484818 60.848473 -82.733185
25.005455 67.000854 -72.271034
57.206017 71.185471 -77.352707
25.760414 72.826698 -88.768707
49.164490 76.110458 -89.176071
40.141018 32.600338 -121.806114
43.613712 5.722469 -106.698692
45.180470 1.820930 -101.585175
46.100788 11.208824 -85.966614
46.228638 24.120888 -78.311935
43.389290 42.629322 -83.856155
22.591570 27.181541 -83.052551
66.015648 32.137505 -89.649155
26.367283 28.241360 -76.474785
64.338684 31.795586 -82.828125
25.498573 7.679222 -95.515694
61.423355 9.717106 -104.167976
41.611774 22.091152 -76.734520
50.637726 22.806198 -77.682304
38.712341 15.666546 -80.095093
54.167072 17.307106 -81.340683
35.634235 17.161816 -77.649742
57.314400 19.845818 -80.593933
39.533535 42.856613 -82.463531
47.845726 43.374802 -83.843628
34.126030 58.866009 -83.359665
48.575790 60.653721 -85.849854
