# AmiraMesh 3D ASCII 2.0
define Markers 61
Parameters {
NumSets 1,
ContentType "LandmarkSet",
 color 0 0 1
}
Markers { float[3] Coordinates } @1
# Data section follows
@1
-1.43625641 -180.25222778 -19.63861084
-1.51618195 -183.25656128 -25.42234802
-1.24502993 -202.72218323 -46.95480347
-1.05994654 -209.14253235 -50.99720764
-0.71584511 -182.76782227 -64.18092346
-0.81801033 -173.85736084 -51.12570953
-0.44330025 -174.78105164 -46.40683746
-1.40029716 -176.17037964 -31.38337517
-1.33862877 -176.72468567 -22.28923798
12.47356415 -172.98101807 -29.94704056
-15.36329556 -172.15673828 -30.97830200
8.62983131 -172.92318726 -29.52418518
-11.33552074 -172.30250549 -29.83533859
11.35895348 -166.92657471 -54.40206909
-11.84592342 -166.48629761 -55.22207642
5.51576757 -188.26965332 -32.16479492
-8.29895687 -187.94786072 -32.32923889
17.78323746 -189.46197510 -45.22256470
-20.69035339 -188.65921021 -46.05682373
26.18433380 -201.56736755 -54.80355835
-29.39075470 -199.80081177 -54.80084229
27.23011780 -205.14527893 -58.65042877
-29.48887634 -203.87405396 -60.49797058
6.20265198 -193.71258545 -47.23681641
-9.18815613 -193.51164246 -47.50770187
23.61984062 -177.35791016 -50.67971802
-25.17003059 -176.54765320 -51.78552246
32.16854858 -178.10217285 -57.77654266
-33.22937012 -176.36096191 -58.74170303
34.61848450 -175.57061768 -65.58024597
-35.20930481 -173.59602356 -68.59548950
9.75309563 -170.69787598 -57.77559280
-10.68563843 -169.67886353 -58.40832520
10.49157524 -171.96011353 -72.22904968
-10.64829922 -170.80850220 -71.77395630
11.90602303 -169.05162048 -65.04919434
-12.61935806 -168.03842163 -67.37934113
16.61209869 -180.50772095 -58.56257629
-17.88252831 -178.79376221 -59.57002258
-1.50679398 -221.67361450 -102.97312927
-0.32470322 -190.44297791 -131.28242493
-0.23678017 -185.90658569 -132.59411621
0.39051986 -166.47860718 -113.94335938
0.30532765 -164.50369263 -97.90069580
-0.04162216 -172.32356262 -83.20238495
24.15222168 -173.99162292 -95.23432922
-24.41809082 -172.86206055 -96.52412415
21.89710999 -167.46585083 -95.00880432
-21.50309753 -166.83984375 -96.06407928
25.33120728 -179.74029541 -117.33028412
-23.50502014 -178.13175964 -118.05915833
6.06949902 -163.10461426 -99.84472656
-5.31634712 -162.28927612 -99.86727905
10.01922417 -162.88328552 -108.33662415
-8.36306477 -162.72416687 -108.54413605
12.48472977 -163.61805725 -104.15809631
-11.54680252 -163.50755310 -104.66904449
4.17213440 -172.74096680 -82.82266998
-4.28967857 -172.88493347 -82.74549103
8.57595921 -175.25177002 -76.88890076
-9.83965302 -174.78536987 -77.49616241
