# AmiraMesh 3D ASCII 2.0
define Markers 61
Parameters {
NumSets 1,
ContentType "LandmarkSet",
 color 0 0 1
}
Markers { float[3] Coordinates } @1
# Data section follows
@1
0.287644386 -172.781158447 -5.824356079
0.070346951 -175.335876465 -9.210449219
-0.641009808 -198.165863037 -29.749313354
-0.615802288 -204.116638184 -33.037902832
-0.946186066 -178.257705688 -46.483039856
-0.519622803 -169.690841675 -35.221229553
-0.711856842 -169.538009644 -31.585922241
-0.119263649 -169.655914307 -17.149215698
-0.004153252 -170.361831665 -8.895660400
12.092826843 -167.713058472 -17.173225403
-12.756217957 -166.723861694 -16.689743042
9.367652893 -166.596694946 -17.647811890
-9.224266052 -166.287719727 -17.441741943
10.584884644 -164.862121582 -39.739547729
-11.635939598 -164.386276245 -37.092929840
5.521392822 -181.459228516 -16.853424072
-6.188836575 -181.591293335 -16.086242676
14.349454880 -182.591400146 -26.562835693
-16.667406082 -182.034271240 -26.182952881
23.432624817 -195.593444824 -35.581237793
-25.423246384 -195.081390381 -35.589431763
24.256988525 -198.443420410 -40.048194885
-26.958038330 -197.024291992 -40.617645264
4.612030029 -185.634582520 -30.168407440
-6.284408569 -185.581298828 -29.642768860
22.246648788 -170.750442505 -35.686187744
-24.327278137 -170.031799316 -35.238525391
27.096939087 -173.951889038 -41.051372528
-27.406494141 -173.472045898 -39.447875977
30.519760132 -170.249481201 -50.100124359
-32.601211548 -169.925247192 -51.346633911
8.671094894 -168.057769775 -41.735103607
-10.054775238 -167.667694092 -41.116882324
10.114116669 -168.019104004 -52.681961060
-11.542516708 -166.386932373 -52.184280396
11.878417969 -163.978713989 -46.719352722
-13.319059372 -163.538696289 -46.536590576
15.897415161 -174.440490723 -42.212875366
-16.054492950 -174.162811279 -40.756271362
-0.872122884 -219.006576538 -80.462966919
-0.276443481 -186.159011841 -110.786300659
-0.753809929 -180.974670410 -111.470062256
-0.278996706 -165.274749756 -92.104232788
-0.290832281 -163.152343750 -78.102371216
-0.236252785 -168.947509766 -61.675106049
20.392871857 -170.710189819 -72.767318726
-21.059700012 -170.819564819 -73.042945862
19.175521851 -165.103302002 -74.052856445
-19.586425781 -164.469772339 -73.685913086
23.240150452 -178.988555908 -96.674407959
-24.179794312 -178.504302979 -96.246719360
4.056620598 -162.030059814 -78.114166260
-4.326897621 -160.873306274 -78.560211182
7.947048664 -162.474761963 -86.079002380
-8.149259567 -161.439117432 -86.175964355
10.528563499 -163.791625977 -82.078285217
-10.528502464 -163.082809448 -81.976531982
3.700634003 -169.643524170 -62.585205078
-4.414772987 -169.287094116 -62.518711090
7.850940704 -172.897613525 -54.245407104
-9.522169113 -172.754608154 -53.980991364
