# AmiraMesh 3D ASCII 2.0
define Markers 61
Parameters {
NumSets 1,
ContentType "LandmarkSet",
 color 0 0 1
}
Markers { float[3] Coordinates } @1
# Data section follows
@1
6.1439190 -197.4481812 -689.2128906
6.3997555 -203.8049622 -718.0052490
7.4598351 -246.7439575 -772.1036377
7.6757603 -268.8930664 -775.3381348
10.2892265 -174.5834198 -806.5978394
8.7203274 -169.9595184 -768.7043457
8.3442240 -174.6775055 -754.8017578
6.3039122 -188.0619049 -715.5831299
6.1504211 -189.6577148 -690.0242310
38.1521072 -182.6157074 -704.5581055
-26.4351807 -180.3496552 -707.2460327
28.2486725 -180.2017212 -704.3009033
-14.5989685 -180.1568146 -706.4433594
28.3869858 -149.2725677 -759.4899902
-10.8788710 -149.2916107 -761.7434082
22.2522507 -212.3194427 -724.3237305
-9.5421696 -212.1838379 -724.9129639
24.0276413 -224.9977722 -762.3691406
-9.5157719 -224.1406860 -764.5627441
57.3466911 -248.7427673 -780.2213135
-42.7917480 -246.7497253 -786.1163330
64.9992676 -242.5534668 -789.0190430
-50.3270569 -238.2034302 -795.3613281
17.4650879 -232.7596588 -778.0483398
-2.1274109 -233.5989990 -780.1887817
57.3520393 -198.2726746 -750.7600098
-41.1528702 -195.1861115 -757.0653076
70.6304169 -212.9316711 -775.1600342
-55.8707581 -208.4426575 -784.2750854
73.9969025 -189.8513489 -791.2878418
-59.8772278 -186.3458557 -803.4863892
29.4453163 -157.2517242 -772.1820679
-12.6992226 -156.5177155 -772.6572876
29.6991463 -172.9326630 -797.0751343
-12.5558472 -170.6010284 -799.6740723
34.8303223 -161.0802155 -777.4748535
-18.8498917 -159.4167938 -779.6328735
-22.8190155 -196.9073029 -786.6093140
38.8086090 -199.1698914 -783.4835815
10.1905975 -254.3744202 -855.4941406
13.5801926 -201.5977478 -921.5162964
13.2989988 -194.7942963 -922.0509033
13.1289053 -154.1346588 -873.9873047
11.6763506 -154.7763824 -845.3290405
10.8618231 -170.3574371 -820.0773315
61.7339478 -186.1442566 -840.2991943
-41.9891052 -182.7222900 -846.1695557
67.4092560 -179.7353821 -840.8196411
-46.2211609 -175.7728882 -844.6506348
63.5925217 -185.2311096 -889.0836182
-37.6970520 -181.7585144 -892.8225708
20.0699158 -151.1306610 -842.6990967
2.0142550 -150.1481171 -844.0780029
30.2889900 -149.6575012 -861.3445435
-4.5742483 -149.5460663 -862.6524658
35.9082260 -150.6383820 -854.3952026
-12.0252409 -152.0510406 -857.7645264
20.5577698 -171.9194031 -821.4475098
0.9682484 -168.7362061 -822.7336426
28.0226040 -172.7409058 -817.5328979
-8.3803253 -170.7127991 -820.2814941
