# AmiraMesh 3D ASCII 2.0
define Markers 61
Parameters {
NumSets 1,
ContentType "LandmarkSet",
 color 0 0 1
}
Markers { float[3] Coordinates } @1
# Data section follows
@1
101.881149 23.358669 8.455841
101.538452 39.627350 8.673004
100.927620 89.463974 18.609314
101.716415 104.446442 15.079651
101.968987 51.134766 86.846230
101.823143 32.086670 65.249313
101.918762 33.148376 50.578884
102.191856 24.212555 20.596937
102.715942 18.544128 12.957638
122.471924 19.873566 16.306686
82.276649 20.323090 17.067753
116.652802 18.257874 21.280502
89.949631 20.225098 21.250271
122.314415 24.305298 65.221802
80.068092 23.637238 65.435333
114.800316 47.187859 16.243713
88.928818 46.955017 16.702667
130.792694 61.452415 25.536224
71.443192 60.121902 25.803284
151.295502 82.675186 36.647339
51.077034 81.752632 38.298798
154.974335 89.809181 39.256836
47.345856 87.182365 40.616905
116.967224 66.663971 31.314850
84.570686 67.886917 30.403992
153.991562 41.139931 37.948212
46.977024 37.412483 42.184814
165.486801 62.003143 58.833176
37.198334 57.561020 59.374268
166.760315 53.152924 71.781204
36.455910 49.589691 74.235825
123.122108 26.908264 69.178001
82.509964 27.055420 68.526947
124.341393 45.222229 82.051926
78.659325 44.011505 81.293442
129.548080 32.900391 78.772308
71.780075 32.021912 78.408234
142.557190 62.606903 50.124695
59.926964 62.188782 51.700485
100.693398 176.893585 103.071434
101.484604 123.204933 192.175201
100.265022 63.600403 193.025574
101.624161 33.440094 153.551727
102.720810 41.093689 112.473488
101.907921 54.747223 91.944466
157.173874 59.628967 115.371262
43.684875 57.176636 116.470146
152.412079 50.172913 115.204758
48.089539 46.287506 116.839523
153.656586 72.018318 162.353333
45.854187 73.539185 165.062805
114.684296 35.085480 112.324944
91.233063 36.106354 114.294708
120.688942 33.743073 130.642944
83.169373 32.689087 130.008179
126.329407 34.294769 123.112076
78.433617 33.267426 122.190254
110.911293 55.203491 95.491653
92.332436 55.539307 95.302505
115.497040 51.896545 91.068306
87.503906 51.039429 91.766830
