# AmiraMesh 3D ASCII 2.0
define Markers 61
Parameters {
NumSets 1,
ContentType "LandmarkSet",
 color 0 0 1
}
Markers { float[3] Coordinates } @1
# Data section follows
@1
-0.8897853 -176.0303955 -183.4241638
-0.8551469 -178.6201935 -186.7978821
-1.4195369 -200.1996918 -211.9631042
-1.1247354 -203.4580841 -213.1870270
-2.2396679 -170.0017548 -232.1317139
-1.6644843 -167.6467896 -219.8963013
-1.4361784 -171.4221649 -209.7955627
-1.4446852 -173.3707733 -193.9632263
-1.0912657 -173.8510284 -185.2276917
11.8358974 -169.2022552 -194.8522797
-15.1384792 -168.9855957 -194.6950684
8.5748196 -169.3040161 -195.0514984
-11.2221832 -169.2399139 -195.2974548
8.6822481 -161.5806732 -218.8233337
-13.2138386 -161.7170410 -218.6952209
5.2449541 -184.6007843 -194.1556549
-7.2751803 -184.8614502 -194.3146820
18.8639030 -182.7333527 -204.0801239
-20.9826927 -183.6724243 -203.8845520
27.0075340 -195.5915222 -214.6683197
-30.0049114 -195.8217468 -214.3870850
28.8135834 -194.3120880 -219.1823120
-31.9273376 -194.7475281 -219.9001465
3.8704224 -193.9550171 -212.9614105
-7.1299133 -193.2901764 -213.5028992
23.1234303 -169.4157562 -210.5207977
-26.9581242 -170.0676117 -211.0040131
31.6829376 -173.8495636 -222.5806732
-34.8165817 -174.9901733 -223.0333557
32.0120239 -167.7929993 -231.9863434
-36.4734116 -169.1667023 -232.6279297
7.6392565 -164.5032349 -223.7231445
-11.5824680 -164.2889404 -223.0854492
10.9858027 -164.1374512 -238.3671265
-15.5062656 -163.8822937 -236.9662933
11.0342073 -162.8287964 -232.3068848
-16.8275471 -162.4344940 -231.8424683
17.8331795 -172.0317078 -217.4513550
-21.0362816 -172.1325836 -217.9194946
-1.3562994 -209.3182373 -268.3612061
-2.4090276 -191.0647583 -287.6360168
-2.7402565 -173.9135437 -288.2280273
-2.5243447 -159.5126190 -272.5233154
-2.3527195 -157.5638733 -255.7516632
-2.2555413 -162.8255310 -246.5837402
26.8947678 -169.6901093 -251.2238770
-29.9396973 -170.5281067 -251.0491943
26.2807770 -166.2695770 -251.3633575
-30.6062546 -167.5624084 -250.8878326
24.9718552 -177.3752289 -277.2579956
-28.8311615 -178.3801270 -276.7184448
1.2105627 -156.5822449 -256.2880859
-6.3267779 -156.3466949 -256.5232239
6.7774167 -155.4825897 -265.8573608
-11.8743191 -155.8975220 -266.2292480
9.6279354 -155.4811249 -261.5656738
-14.6350069 -155.6827698 -261.4744568
3.2145514 -163.4230499 -246.6158447
-7.3377972 -163.5885925 -246.3921051
5.9155569 -166.1781616 -242.2393494
-10.0956326 -166.2383423 -241.6033783
