# AmiraMesh 3D ASCII 2.0
define Markers 61
Parameters {
NumSets 1,
ContentType "LandmarkSet",
 color 0 0 1
}
Markers { float[3] Coordinates } @1
# Data section follows
@1
39.4761429 96.5991821 -42.6383553
39.2368622 94.4412460 -41.2282257
38.4500275 80.6086121 -23.3227272
38.6436539 78.2876129 -18.0016327
36.4946136 55.8088264 -43.6678467
37.1852570 64.4953766 -48.8574829
37.5819206 73.4678116 -45.6907501
38.6784248 87.0220337 -45.5759811
39.3631821 95.9278641 -45.4579163
50.7185020 86.4296494 -50.5332642
26.2545300 87.2753220 -49.4696503
47.5422668 85.2161942 -50.5007172
29.3256149 86.4130402 -49.6147003
48.2566299 64.2292557 -53.1917114
26.3595810 65.2810211 -52.8518066
44.7895241 89.3969421 -37.0884361
33.1786041 90.0398560 -36.7011452
50.8739395 82.4842682 -35.7114258
25.8595848 83.4397964 -34.9759216
65.8641968 72.1902771 -25.0794411
10.5404510 74.7061005 -24.3985672
66.3841705 65.5547638 -24.1071320
9.4616089 67.5009460 -23.7026901
43.4744720 76.5550385 -26.3925648
32.9029236 76.5624390 -27.0671806
57.5684624 72.7404938 -47.8833008
16.8571091 74.3147278 -47.4407883
69.5914764 58.6901932 -44.7010841
5.6740875 62.5296288 -43.9890594
68.8973999 52.0570984 -50.3217812
5.2335281 54.3308105 -49.6619186
47.1436577 58.9885635 -51.2885437
27.3161469 60.2233353 -50.6269226
47.3606644 48.2768402 -47.5832214
24.9361763 48.9278488 -47.5327530
51.3008575 54.1277771 -52.2246094
22.1910095 53.8214035 -51.4698639
55.9680023 67.3387299 -46.5161133
19.0986099 68.9932175 -46.3911438
37.6009445 27.6790886 -0.4957428
37.1076012 5.0338364 -15.4894619
34.6425476 1.7694511 -35.5580292
35.0855408 13.3244753 -49.3909454
35.0755234 31.0383854 -53.3732910
36.3697510 43.1862106 -47.9241180
63.8389130 35.7148972 -44.1687317
8.4414902 39.4846268 -43.8696899
64.1558990 36.2329369 -46.7227974
6.9896469 38.1812401 -46.8175163
57.4112244 13.6225662 -43.7414780
12.9050293 13.9450455 -42.3586311
39.3528633 30.3556614 -54.2135010
30.5006390 30.3333530 -54.5575104
44.9479446 20.8526688 -53.0233765
24.9957218 22.0433140 -52.5521240
47.5131416 24.7735138 -53.5295563
22.8107758 26.1857300 -53.2685547
40.1903610 43.3559456 -47.8633881
31.8013802 43.5478401 -47.6861115
43.0996704 48.0188370 -45.6892090
29.4786034 49.0989075 -45.9845428
