# AmiraMesh 3D ASCII 2.0
define Markers 61
Parameters {
NumSets 1,
ContentType "LandmarkSet",
 color 0 0 1
}
Markers { float[3] Coordinates } @1
# Data section follows
@1
-0.5677686 -53.7700958 -1164.5081787
-0.5815859 -51.1548157 -1161.3397217
-1.0149263 -17.3565674 -1125.0515137
-1.3353763 -14.7450867 -1120.5472412
-1.2697415 8.5204830 -1159.1113281
-1.7401409 -5.0361404 -1164.2335205
-2.1131210 -16.0174484 -1164.1730957
-1.3015561 -36.6873093 -1161.7905273
-0.9672217 -51.6275368 -1167.4558105
-15.3116760 -40.4242287 -1170.1666260
13.2334785 -39.1995811 -1170.3909912
-10.6867142 -38.1878548 -1170.3260498
8.1466446 -37.6213493 -1170.8099365
-11.5198317 -4.2490263 -1172.4007568
7.2473025 -4.4892845 -1171.6652832
-7.3102717 -42.2860718 -1151.2447510
6.1030183 -42.0859070 -1151.1508789
-19.7420425 -19.5134125 -1143.3139648
16.2067547 -19.2441406 -1143.6870117
-29.3049755 -10.9770508 -1134.0504150
26.7232399 -10.2483978 -1132.2193604
-31.3665314 -4.3090286 -1129.9133301
28.5133514 -4.2465496 -1128.6986084
-8.3748035 -17.1154289 -1139.7755127
5.9556236 -17.6165257 -1139.6455078
-24.0072479 -16.5250702 -1161.7712402
23.1401634 -15.6042633 -1160.3822021
-39.7319374 -3.5736313 -1157.1177979
36.5311813 -4.1550751 -1155.5831299
-41.9591179 5.2918243 -1160.7714844
39.6457062 5.5092926 -1159.5712891
-11.6241255 -0.9398117 -1169.2507324
8.0895491 -1.1757050 -1169.3776855
-14.0582657 16.2699928 -1163.3696289
12.3912544 16.3539810 -1164.6037598
-17.3271618 7.8623505 -1170.7996826
14.0301313 7.8005066 -1170.9523926
-18.0671692 -3.0488868 -1152.0711670
13.3579130 -2.7989159 -1152.3447266
-0.8059669 27.1782589 -1115.7692871
-1.7293372 67.5172577 -1148.4049072
-2.1702352 66.3074799 -1152.3471680
-1.8031588 47.7315254 -1170.4451904
-1.2819815 30.8810616 -1170.7906494
-1.8229589 15.8241816 -1163.7176514
-31.5888748 35.2881622 -1158.5903320
28.3745575 35.5069542 -1158.4317627
-30.1222687 34.5410614 -1163.3845215
28.6074753 35.2109833 -1162.6330566
-24.1904335 56.9531097 -1153.1671143
21.7880478 57.2499084 -1154.0302734
-5.5767803 32.2768364 -1173.6783447
2.6446915 32.7912369 -1173.7546387
-11.2864075 41.4790878 -1171.7735596
8.0309134 41.6410828 -1171.8481445
-13.7791901 36.7611580 -1171.9296875
10.2336330 37.8584137 -1171.7019043
-6.5406313 18.0551147 -1164.0258789
3.8316960 18.5757446 -1164.5323486
-7.4432259 13.7965813 -1162.8347168
5.0524282 13.5573816 -1162.4069824
