# AmiraMesh 3D ASCII 2.0
define Markers 61
Parameters {
NumSets 1,
ContentType "LandmarkSet",
 color 0 0 1
}
Markers { float[3] Coordinates } @1
# Data section follows
@1
88.04907 77.53256 -265.98880
87.96973 76.21378 -300.08774
89.49890 118.67516 -362.92047
90.03845 128.42392 -377.88766
90.82522 62.27661 -381.07742
89.38065 48.17938 -351.31390
87.70407 57.93378 -333.63367
88.11652 67.32773 -298.04547
88.51090 71.00699 -267.24759
52.07653 60.44830 -287.25970
125.80742 61.78905 -286.18839
64.32730 56.79501 -287.88507
115.11636 57.38228 -285.98688
67.03915 36.36951 -346.84387
114.44251 35.23749 -345.48926
73.76752 83.55293 -309.32654
102.32788 83.45772 -309.53717
57.34697 90.07005 -351.79657
119.86424 92.19359 -349.07675
46.99667 114.12242 -374.60959
132.89960 115.13715 -368.96460
41.03301 121.41235 -383.03351
139.59952 122.39493 -376.87299
72.94983 92.77176 -353.31458
105.35140 92.75986 -352.39319
27.92422 69.94690 -343.03955
148.68741 71.52322 -334.06360
17.70953 78.34885 -374.06476
163.06407 79.40244 -366.41522
17.64854 63.89468 -391.89224
165.85526 64.20504 -384.15594
67.69316 39.92365 -357.64926
114.15081 41.13861 -354.10263
70.26183 54.64944 -391.07898
113.32111 54.47574 -385.40744
61.31849 39.92496 -371.82886
119.07662 40.87036 -365.69977
59.21210 81.13345 -367.49374
122.09511 80.12633 -361.68665
95.52642 148.29614 -432.15341
98.50347 121.38882 -490.09854
99.23408 108.17990 -490.95691
97.66902 66.47348 -476.43079
97.11214 48.99701 -442.52402
92.25652 52.27435 -409.77094
39.13222 69.66882 -439.64481
149.37735 70.19403 -431.52838
42.76718 61.61259 -439.73273
150.45206 62.69009 -433.51630
44.76656 86.44228 -480.10608
153.90761 89.94238 -470.82175
91.40558 45.44940 -443.24591
103.81721 47.12430 -442.73788
80.50798 51.01566 -462.77621
113.31625 53.74384 -459.31088
76.80817 48.50500 -453.75363
116.93291 52.80466 -450.90930
82.54763 53.66464 -413.42090
103.04823 53.98651 -411.57541
76.77325 59.09305 -402.45633
105.89771 59.69226 -399.71817
