# AmiraMesh 3D ASCII 2.0
define Markers 61
Parameters {
NumSets 1,
ContentType "LandmarkSet",
 color 0 0 1
}
Markers { float[3] Coordinates } @1
# Data section follows
@1
-1.0788765 -85.4486084 3.6743469
-0.5120888 -66.2570190 23.1353149
-1.8872442 -69.5176392 77.2046967
-3.2541986 -75.5379639 89.6086273
-0.3654079 7.4046631 81.1936798
1.2052517 -7.4654541 43.4856873
1.1531067 -21.5547485 35.3591461
-0.3114223 -58.0451355 15.0554810
-1.5892277 -79.8481445 -1.8222198
-32.7593536 -53.4695473 2.9944153
34.2458496 -58.3735886 4.5557251
-23.8439484 -50.2078323 -0.6451111
26.1012268 -53.6360321 1.4571838
-15.6871357 -0.8847961 31.2231903
21.4264164 -4.1385193 32.4008484
-14.4490852 -58.7007751 38.5361786
13.8296585 -61.0513306 40.0657501
-37.3578720 -51.7770081 57.4242249
35.3925171 -56.3657837 60.6903381
-50.0019264 -58.0700989 74.4782867
44.9729576 -64.3237610 78.6828461
-58.8433533 -56.4687347 89.4664917
55.9573669 -59.6765137 93.9466400
-11.4313660 -48.1652527 63.3585815
13.0981750 -49.6238403 62.3199463
-56.2844963 -22.2987671 38.7068787
58.9658585 -26.4798584 44.6452942
-62.4817886 -26.9601746 62.1588135
64.3906097 -30.1965332 69.8996582
-69.6204224 -4.6862183 67.3949432
70.4851074 -8.7741699 69.8674622
-14.5854053 2.3909607 44.3954163
18.7232800 0.1298523 47.5094299
-21.0473633 16.2461243 76.5381470
22.5088329 12.3581543 77.1308899
-26.8007431 16.1893311 56.3412170
29.3766632 12.0263367 58.6982117
-28.1409760 -27.8217468 65.7179642
29.4750671 -30.3196716 67.7755051
-4.6656361 -59.7531433 145.9099884
-5.1904392 8.2976379 191.7229919
-3.1988106 17.9114647 192.3215637
-2.2642365 53.2190552 138.3557434
0.5290031 46.0136414 109.4207687
-0.5354233 16.3521423 87.1797409
-55.7235565 13.6712341 109.7000656
53.3038025 12.1962585 115.7139206
-57.3172607 23.6893463 106.8648987
57.0562439 21.7481384 112.4630432
-72.2619171 16.1735840 143.7945862
68.2047577 12.8549500 144.4057159
-12.3748388 50.3427734 105.6267929
11.3860292 50.0665894 105.9636307
-17.3808937 52.7428589 126.7985535
13.8407097 53.1771240 128.4395142
-25.0253220 51.7703247 118.0348511
22.7257347 52.4309387 118.8648071
-9.5247383 15.4065552 88.3337708
10.3916950 16.0250854 87.8683472
-14.4403896 9.8085022 85.1994019
15.8043137 8.6865234 86.6595154
