# AmiraMesh 3D ASCII 2.0
define Markers 61
Parameters {
NumSets 1,
ContentType "LandmarkSet",
 color 0 0 1
}
Markers { float[3] Coordinates } @1
# Data section follows
@1
34.262329 125.042114 -46.466869
35.541340 121.008163 -42.261086
42.551670 88.128098 -9.083778
48.360210 42.267742 -1.523476
42.280529 64.993179 -44.758881
39.595463 74.822937 -54.742363
39.748817 86.033417 -49.963791
36.376881 109.394066 -48.043625
34.941647 122.796402 -49.061127
51.471100 112.102699 -52.949387
19.974655 109.028091 -50.377594
47.245728 110.937851 -52.607544
24.685497 108.346130 -50.812607
49.744434 77.741013 -55.685135
29.430117 74.822083 -54.181961
45.684025 110.419174 -34.116028
30.558205 108.960938 -32.913948
56.135735 100.241623 -33.291996
20.866585 96.134712 -30.147194
70.903381 91.910446 -21.300886
12.381519 85.239517 -16.508419
71.913712 86.436668 -19.253738
12.206887 79.628433 -13.794758
47.474270 95.714447 -30.770161
31.489300 94.161285 -29.840973
65.259941 92.324364 -47.843727
12.747343 86.315346 -42.369911
74.258759 83.796242 -45.822945
4.945984 73.681152 -40.510258
77.403969 71.140694 -49.974709
4.303497 63.344791 -45.432419
50.954189 74.137230 -53.732071
29.956726 70.694260 -52.083359
54.321243 61.538857 -49.970779
31.032976 59.530560 -49.767838
54.655495 67.782951 -54.996689
27.232544 62.838120 -53.682220
59.695690 82.565674 -42.419434
20.434835 78.882217 -40.327972
51.125557 4.540199 -26.044971
50.019783 5.980278 -35.885338
48.671196 15.185913 -45.894577
44.671307 35.346478 -53.754120
44.907207 50.333748 -44.038986
43.704201 52.409775 -48.830597
75.525490 46.777020 -48.626434
14.665237 38.744652 -44.095581
73.747009 44.824203 -53.069618
14.693214 36.779633 -47.768051
76.740547 23.087360 -40.527161
22.167210 14.690563 -36.703506
50.680740 33.838348 -56.329697
40.345802 32.815697 -55.072083
57.073906 26.097164 -54.634415
35.163410 23.851307 -52.921967
57.827515 30.105068 -56.836197
33.655762 27.669849 -54.878616
48.433174 51.668015 -49.188004
38.999702 50.394302 -48.388016
51.401871 58.486343 -48.526733
34.885269 56.090218 -47.082764
