# AmiraMesh 3D ASCII 2.0
define Markers 61
Parameters {
NumSets 1,
ContentType "LandmarkSet",
 color 0 0 1
}
Markers { float[3] Coordinates } @1
# Data section follows
@1
31.271969 47.470909 13.441402
31.112545 47.759975 15.180820
22.119844 65.430328 39.400871
20.793716 67.913040 42.729317
20.042046 72.042587 77.473236
28.434877 58.181019 101.917618
32.684475 50.632679 104.915031
38.902962 39.833378 94.805542
40.078163 36.741272 81.719460
36.911766 42.065556 67.460976
33.016792 47.556309 50.802315
36.216782 41.008080 40.390278
35.780327 41.273132 35.610992
34.150757 43.805088 20.283573
32.172482 46.004429 15.135519
43.863892 48.846630 17.949501
25.247358 37.202377 18.746738
42.401169 47.514961 18.254622
27.032661 37.854546 18.914082
46.969017 43.404457 46.410488
30.213520 33.095238 47.281548
33.362900 55.024948 20.363865
23.853430 49.666027 21.206863
43.498695 61.032433 33.819977
16.182627 44.369026 34.711014
44.030235 71.921371 44.444817
6.431631 49.894592 46.228745
43.344788 73.165482 47.146671
5.801788 50.868099 48.829742
28.346666 62.795273 40.373363
20.814922 58.379887 39.925186
57.366982 52.891457 39.632782
16.841927 28.192562 41.054371
57.289391 61.805496 45.710930
9.716141 33.136597 47.759266
62.737381 57.433083 56.988091
12.046149 25.667477 57.857224
53.920181 53.951920 77.972229
19.745728 32.866371 79.023758
54.297413 47.764652 76.196228
24.228703 29.095753 77.419609
48.160427 58.588058 95.829437
17.642399 40.983131 96.303360
44.027573 37.855007 82.027542
38.092308 34.132286 82.232742
46.497543 42.274231 88.628632
33.018948 34.433620 88.849678
49.106556 42.217110 85.425964
31.278275 32.500286 86.826149
40.110733 44.400131 68.068146
34.086670 40.102230 68.058228
41.491879 46.058304 58.779263
30.905487 39.320644 59.555923
43.531322 43.088249 49.379814
32.466686 36.030518 49.928036
45.172600 44.014462 60.222824
31.555063 35.221943 60.857658
49.663940 40.345051 53.879707
32.521343 29.158634 55.024990
44.700150 54.045704 49.539059
22.334368 40.049740 49.981628
