# AmiraMesh 3D ASCII 2.0
define Markers 61
Parameters {
NumSets 1,
ContentType "LandmarkSet",
 color 0 0 1
}
Markers { float[3] Coordinates } @1
# Data section follows
@1
-4.5117016 -171.0718536 -237.4284973
-4.4232731 -172.5793457 -239.9612427
-4.9409876 -194.0531006 -249.7047119
-4.1326933 -200.8491211 -251.5510559
-2.5379806 -210.1908569 -298.3532104
-1.9589558 -185.8910217 -320.1282959
-0.7152042 -176.5991516 -319.3405151
-0.7726303 -165.1977692 -301.6764221
-1.5316308 -164.2100067 -289.1445312
-2.4851718 -171.3556061 -278.3966675
-2.5716231 -176.4322510 -273.9613342
-3.3784859 -170.8390350 -261.9105225
-3.5587535 -170.8226624 -256.0932922
-3.7706060 -169.2126160 -245.2079773
-4.3546915 -168.8615723 -238.1000671
7.5769463 -168.5288696 -245.0334473
-15.4041176 -167.8918762 -245.3281097
2.9174676 -167.6769714 -245.7801666
-11.2530956 -167.3914642 -246.4347229
4.6889210 -168.3668213 -265.2191467
-11.5350418 -167.7035522 -264.2536316
0.7585611 -177.4868011 -243.0768280
-9.6750154 -177.4412994 -243.4048309
9.7072601 -179.9811401 -249.5569916
-18.8277512 -180.6482239 -251.2183838
15.1487865 -194.2748260 -255.2588959
-22.2810745 -195.3840027 -257.1082153
16.8806610 -195.5902405 -260.2726440
-24.1125336 -196.0803223 -263.0039368
-1.4821930 -184.3404846 -252.6697998
-7.4553680 -183.9359894 -252.3578491
16.7565498 -171.5971375 -256.5459595
-21.1891022 -171.4938965 -255.6382141
21.6370087 -176.0382843 -261.2217102
-28.6776657 -175.5450592 -264.1813049
23.2793732 -172.6166382 -267.4049377
-29.6827545 -171.9450989 -270.3088989
15.3296385 -171.9192963 -285.8971558
-20.1351337 -171.4387207 -288.2730408
12.8793335 -166.8356934 -287.5469055
-16.4399872 -166.5505981 -289.2479248
18.8666000 -170.6838074 -301.4078674
-20.6856976 -170.5865784 -304.5151062
2.1907654 -162.8378906 -290.2572937
-6.4641905 -163.2361908 -290.3889160
5.8984232 -163.8648987 -296.2261047
-8.3450508 -162.9380798 -296.7829590
7.4356012 -163.3056335 -293.6430969
-10.0468254 -163.0879669 -294.5873718
0.1286843 -172.4354553 -278.6386719
-5.1572375 -172.6409454 -278.7220154
2.5230570 -172.7540741 -275.0544128
-7.9211435 -172.9417572 -275.2731934
5.7803435 -167.8246307 -267.0373840
-12.2332783 -168.1907349 -267.6645203
7.9153194 -170.7270508 -276.8767700
-13.7697563 -169.4910431 -278.0610046
10.7731533 -164.5682983 -274.2823486
-16.1104774 -164.3238068 -275.5627747
10.2338257 -174.7397003 -262.2017822
-16.8297653 -174.9240112 -263.3833313
