# AmiraMesh 3D ASCII 2.0
define Markers 61
Parameters {
NumSets 1,
ContentType "LandmarkSet",
 color 0 0 1
}
Markers { float[3] Coordinates } @1
# Data section follows
@1
-5.4246922 92.3207092 -58.3814087
-7.0562096 91.9053650 -47.5190506
-6.6948624 79.6144714 -5.3260574
-6.2498207 79.8387756 7.9098511
-6.4990234 9.9961319 69.4784851
3.9107571 -85.2405701 18.8682404
2.3691769 -85.6195984 -33.2548370
2.7547827 -44.0076447 -62.8616028
1.0895195 -4.2512283 -49.9182434
-1.1223545 16.1564751 -38.8598938
-1.9981556 20.9535179 -38.2359619
-1.3679428 39.9380531 -50.8986816
-2.1660347 50.8426895 -50.9659424
-4.4837551 79.0514984 -54.8073425
-4.5838165 88.1794815 -60.8192139
14.3722305 83.9592590 -60.0809021
-23.4442444 81.9418182 -62.4616089
7.8404160 80.2645569 -61.5755615
-16.8130531 80.0307007 -62.7872620
16.5500374 42.3786774 -55.7902832
-20.9457150 40.6369095 -59.5341492
3.4530659 85.3207703 -34.6959457
-17.9848061 83.7839966 -35.5710144
19.6093845 75.6325989 -28.9278927
-35.1649170 71.2623291 -32.2585373
42.1506882 63.3868103 -7.7953720
-52.1065445 60.0243530 -11.3597746
47.3751221 59.2319641 -5.6069260
-54.0625916 57.1009750 -6.4131622
7.3514953 69.8554077 -23.6941528
-19.8564854 68.5079041 -24.6356506
38.9324417 67.2328186 -41.8391457
-46.5619278 63.3187866 -46.2480011
49.0408173 49.6382446 -28.3347778
-58.2786560 42.4827957 -33.5907745
50.8726768 41.6352158 -34.9246216
-58.5397873 34.5229568 -41.2054443
44.8811646 0.4337845 -32.1873779
-44.9328766 -4.6131058 -39.5870056
44.5538635 2.9207611 -43.8967590
-43.0664978 -1.6294937 -48.4176712
55.8168640 -42.4233704 -28.2210541
-50.4511871 -49.3764801 -38.1355133
9.4397449 -3.0460358 -50.6132507
-7.5904026 -5.1293335 -51.9929199
18.2984295 -18.2195892 -55.9904785
-16.8725376 -21.2741852 -58.5986938
22.1851578 -8.9687195 -55.6906128
-20.5588875 -13.5778961 -57.9579468
7.1814995 13.3679504 -35.1923523
-10.1612816 11.1841125 -37.6439209
11.2638912 19.0070114 -38.8282776
-15.1410398 17.2180462 -40.8226318
13.6513462 41.0350151 -54.6953125
-17.6920128 38.9645500 -55.9231873
18.8717384 25.1610146 -45.3801270
-20.3375893 23.7011795 -45.4403381
22.2543030 35.2402840 -55.6274719
-27.1414642 31.4500847 -57.7470398
27.4767342 47.8657036 -26.7907715
-33.3412399 42.5822411 -30.8650818
