# AmiraMesh 3D ASCII 2.0
define Markers 61
Parameters {
NumSets 1,
ContentType "LandmarkSet",
 color 0 0 1
}
Markers { float[3] Coordinates } @1
# Data section follows
@1
-0.5500584 -11.1483688 -1472.6528320
-1.6890254 -16.9393158 -1463.0599365
-4.8121719 -46.0017929 -1387.2099609
-4.9746780 -53.2072754 -1383.6744385
-5.7966728 -44.8341064 -1324.8276367
-8.2528553 -4.4345818 -1284.2280273
-6.1304207 0.9381714 -1290.5357666
-3.3754301 22.1842041 -1325.7580566
-2.3189421 21.3851318 -1341.8957520
-2.5309563 8.0107422 -1359.2352295
-2.2907829 0.9839783 -1366.1059570
-2.0410633 6.8770447 -1392.5750732
-1.7534523 1.0088806 -1410.4010010
-1.7115669 -7.2131958 -1446.8518066
-0.6206341 -7.4021912 -1473.4285889
-21.9161968 3.3310242 -1449.9306641
20.8543777 0.5655823 -1450.1011963
-17.4084167 5.3508453 -1449.1652832
16.7590942 4.5948791 -1449.5158691
-14.1941643 14.5612793 -1397.4653320
12.1120911 13.1994019 -1396.9487305
-10.7929297 -22.6121521 -1444.2982178
6.2894444 -24.0404282 -1443.8815918
-24.4594746 -26.3413086 -1391.3380127
17.0573006 -28.5976257 -1389.3618164
-37.0697250 -37.0540161 -1381.1367187
28.6253395 -38.9542084 -1378.4060059
-41.9808502 -38.4108276 -1373.4887695
32.1591797 -41.3945770 -1369.4477539
-10.0058365 -29.6447144 -1385.1676025
2.5633621 -30.1429443 -1384.9869385
-35.1138687 -2.0814514 -1401.7456055
31.5972214 -3.8591003 -1398.9156494
-52.6529541 -1.2135925 -1384.1010742
48.2743378 -5.1776733 -1378.2268066
-51.5388412 8.4754028 -1370.9635010
47.5454865 3.6654968 -1365.2800293
-43.5598640 6.9464417 -1334.1020508
34.3428421 3.9479980 -1329.9274902
-43.0061035 11.8238220 -1334.6166992
34.7002716 8.6524658 -1331.0344238
-36.1136093 4.4951935 -1308.8657227
24.2259006 3.2875519 -1303.5621338
-6.7578659 24.4300537 -1343.8103027
2.4320059 23.6874695 -1343.3881836
-12.7689457 24.1007080 -1332.0264893
6.9890995 22.1682739 -1330.3769531
-15.3062496 24.8435974 -1337.5933838
9.8234615 23.8520203 -1336.1076660
-9.0172720 8.8781128 -1357.9375000
3.9544048 8.5012207 -1357.5185547
-12.0842676 5.0530090 -1362.0378418
6.9320755 3.9934082 -1362.2729492
-14.3498678 13.6643066 -1388.8100586
11.6573982 12.7481689 -1388.4522705
-17.0288239 7.5767517 -1359.0906982
12.7034683 7.0938416 -1358.4045410
-22.1722145 18.4133606 -1371.1221924
20.7453911 17.7095492 -1371.3579008
-17.5323792 -8.7132263 -1378.8142090
12.4001465 -8.6921387 -1380.0878906
