# AmiraMesh 3D ASCII 2.0
define Markers 61
Parameters {
NumSets 1,
ContentType "LandmarkSet",
 color 0 0 1
}
Markers { float[3] Coordinates } @1
# Data section follows
@1
-2.6864154 1.3026962 -1303.8929443
-2.5699790 -8.4792328 -1293.8348389
-1.8327246 -62.9126472 -1243.3375244
-1.6311078 -70.4354401 -1244.0673828
-2.8512373 -76.2015381 -1177.7573242
-2.5012808 -58.2072983 -1149.0368652
-2.2398405 -51.3358994 -1143.7595215
-2.1035209 -18.5568848 -1158.6696777
-2.2285318 -11.3300476 -1178.5166016
-1.8261837 -17.1048279 -1196.8332520
-1.9966284 -22.9798279 -1205.8356934
-0.9406687 -3.5829163 -1227.6605225
-2.0023837 1.7089844 -1251.6811523
-1.2468535 3.7354126 -1281.4224854
-2.0741196 8.3006897 -1301.4108887
-19.5367928 10.8669434 -1283.9855957
16.9626999 11.5914612 -1284.6958008
-14.0425262 13.2706299 -1281.0007324
11.4601002 13.3721313 -1282.7407227
-14.5046387 10.3332825 -1228.2946777
11.7478046 9.5358582 -1228.3825684
-11.1598139 -14.0824738 -1276.5784912
7.5221148 -14.3906841 -1277.1126709
-21.1943741 -42.4501495 -1239.0222168
17.9984550 -41.2762527 -1239.8344727
-31.6272488 -55.2074585 -1230.9925537
28.5129509 -54.4225121 -1231.0988770
-35.5441437 -62.6552734 -1225.9580078
32.5868073 -61.1026459 -1225.5286865
-9.9662876 -47.6545410 -1237.6086426
5.8147755 -48.0161743 -1238.2244873
-38.0324669 -13.9095936 -1237.8978271
34.2421150 -11.3513489 -1238.6201172
-51.6357422 -27.1130371 -1221.2895508
48.1994171 -26.9068909 -1221.8579102
-53.6484375 -17.7730865 -1199.2304688
49.4927826 -17.9343109 -1200.1993408
-42.7714233 -30.3591919 -1172.4600830
37.5516357 -29.7591553 -1173.2586670
-43.4241791 -25.5839844 -1173.1970215
38.7706146 -25.6983643 -1173.0262451
-29.1679707 -38.7412720 -1152.0268555
25.7255573 -38.9605103 -1153.4361572
-7.6661186 -8.1819763 -1177.2852783
2.7544460 -7.1828308 -1176.9553223
-12.7016277 -12.6809387 -1167.1101074
8.1471729 -13.5449905 -1167.1442871
-15.4034624 -11.1629944 -1171.8165283
11.2150373 -11.0172119 -1171.8709717
-8.4430962 -17.4102478 -1196.1439209
4.5847816 -16.4987183 -1196.3197021
-10.0326481 -18.9394226 -1203.0516357
5.9413061 -18.2027588 -1203.1721191
-13.9302082 0.5383301 -1222.8710938
10.8432388 0.7047424 -1222.9560547
-16.8389130 -17.5131378 -1197.8220215
13.1009827 -16.6526184 -1197.8411865
-24.6715488 0.7725220 -1205.0854492
22.1542454 0.9215088 -1204.2686768
-16.6822052 -32.9814758 -1222.9448242
13.7750854 -33.0014038 -1223.9573975
